<<<<<<< HEAD
datetime,intersection_id,vehicles_count,avg_speed
2025-02-01 00:00:00,INT_101,97,45.89
2025-02-01 00:00:00,INT_102,79,44.36
2025-02-01 00:00:00,INT_103,98,42.13
2025-02-01 00:00:00,INT_104,69,42.41
2025-02-01 01:00:00,INT_101,105,29.84
2025-02-01 01:00:00,INT_102,73,48.78
2025-02-01 01:00:00,INT_103,71,33.73
2025-02-01 01:00:00,INT_104,80,46.19
2025-02-01 02:00:00,INT_101,102,37.92
2025-02-01 02:00:00,INT_102,74,41.74
2025-02-01 02:00:00,INT_103,89,47.37
2025-02-01 02:00:00,INT_104,81,40.53
2025-02-01 03:00:00,INT_101,104,35.77
2025-02-01 03:00:00,INT_102,82,62.23
2025-02-01 03:00:00,INT_103,67,33.49
2025-02-01 03:00:00,INT_104,63,37.26
2025-02-01 04:00:00,INT_101,109,43.54
2025-02-01 04:00:00,INT_102,81,40.14
2025-02-01 04:00:00,INT_103,78,26.07
2025-02-01 04:00:00,INT_104,63,38.3
2025-02-01 05:00:00,INT_101,100,42.36
2025-02-01 05:00:00,INT_102,94,41.79
2025-02-01 05:00:00,INT_103,85,46.75
2025-02-01 05:00:00,INT_104,73,36.06
2025-02-01 06:00:00,INT_101,105,32.7
2025-02-01 06:00:00,INT_102,85,37.3
2025-02-01 06:00:00,INT_103,73,36.01
2025-02-01 06:00:00,INT_104,82,47.79
2025-02-01 07:00:00,INT_101,167,36.85
2025-02-01 07:00:00,INT_102,151,24.87
2025-02-01 07:00:00,INT_103,157,35.57
2025-02-01 07:00:00,INT_104,133,41.54
2025-02-01 08:00:00,INT_101,178,34.05
2025-02-01 08:00:00,INT_102,147,41.26
2025-02-01 08:00:00,INT_103,144,39.32
2025-02-01 08:00:00,INT_104,123,35.11
2025-02-01 09:00:00,INT_101,181,37.62
2025-02-01 09:00:00,INT_102,165,41.07
2025-02-01 09:00:00,INT_103,163,22.93
2025-02-01 09:00:00,INT_104,151,19.26
2025-02-01 10:00:00,INT_101,110,51.98
2025-02-01 10:00:00,INT_102,78,37.6
2025-02-01 10:00:00,INT_103,78,43.1
2025-02-01 10:00:00,INT_104,73,37.62
2025-02-01 11:00:00,INT_101,87,40.58
2025-02-01 11:00:00,INT_102,79,30.03
2025-02-01 11:00:00,INT_103,73,42.01
2025-02-01 11:00:00,INT_104,73,49.03
2025-02-01 12:00:00,INT_101,118,44.68
2025-02-01 12:00:00,INT_102,102,38.73
2025-02-01 12:00:00,INT_103,114,35.25
2025-02-01 12:00:00,INT_104,105,44.17
2025-02-01 13:00:00,INT_101,137,41.87
2025-02-01 13:00:00,INT_102,112,48.87
2025-02-01 13:00:00,INT_103,110,39.96
2025-02-01 13:00:00,INT_104,99,48.74
2025-02-01 14:00:00,INT_101,108,37.81
2025-02-01 14:00:00,INT_102,81,42.54
2025-02-01 14:00:00,INT_103,72,32.51
2025-02-01 14:00:00,INT_104,63,31.54
2025-02-01 15:00:00,INT_101,97,37.25
2025-02-01 15:00:00,INT_102,79,49.63
2025-02-01 15:00:00,INT_103,79,20.68
2025-02-01 15:00:00,INT_104,85,39.17
2025-02-01 16:00:00,INT_101,99,47.23
2025-02-01 16:00:00,INT_102,79,36.96
2025-02-01 16:00:00,INT_103,82,44.05
2025-02-01 16:00:00,INT_104,64,52.11
2025-02-01 17:00:00,INT_101,202,29.7
2025-02-01 17:00:00,INT_102,177,38.11
2025-02-01 17:00:00,INT_103,154,34.96
2025-02-01 17:00:00,INT_104,159,36.12
2025-02-01 18:00:00,INT_101,184,10.31
2025-02-01 18:00:00,INT_102,196,36.12
2025-02-01 18:00:00,INT_103,174,31.54
2025-02-01 18:00:00,INT_104,158,32.72
2025-02-01 19:00:00,INT_101,190,35.86
2025-02-01 19:00:00,INT_102,154,37.93
2025-02-01 19:00:00,INT_103,169,34.03
2025-02-01 19:00:00,INT_104,150,41.36
2025-02-01 20:00:00,INT_101,100,37.8
2025-02-01 20:00:00,INT_102,65,42.14
2025-02-01 20:00:00,INT_103,87,40.48
2025-02-01 20:00:00,INT_104,75,39.85
2025-02-01 21:00:00,INT_101,106,49.14
2025-02-01 21:00:00,INT_102,72,28.94
2025-02-01 21:00:00,INT_103,81,39.36
2025-02-01 21:00:00,INT_104,66,30.52
2025-02-01 22:00:00,INT_101,93,39.25
2025-02-01 22:00:00,INT_102,89,38.45
2025-02-01 22:00:00,INT_103,89,31.52
2025-02-01 22:00:00,INT_104,61,53.08
2025-02-01 23:00:00,INT_101,100,47.29
2025-02-01 23:00:00,INT_102,81,45.76
2025-02-01 23:00:00,INT_103,79,40.72
2025-02-01 23:00:00,INT_104,68,46.01
2025-02-02 00:00:00,INT_101,89,39.07
2025-02-02 00:00:00,INT_102,84,47.23
2025-02-02 00:00:00,INT_103,78,30.78
2025-02-02 00:00:00,INT_104,67,43.41
2025-02-02 01:00:00,INT_101,103,44.03
2025-02-02 01:00:00,INT_102,93,39.24
2025-02-02 01:00:00,INT_103,87,48.23
2025-02-02 01:00:00,INT_104,58,39.33
2025-02-02 02:00:00,INT_101,106,44.48
2025-02-02 02:00:00,INT_102,71,23.81
2025-02-02 02:00:00,INT_103,80,42.66
2025-02-02 02:00:00,INT_104,76,53.29
2025-02-02 03:00:00,INT_101,99,42.33
2025-02-02 03:00:00,INT_102,61,35.93
2025-02-02 03:00:00,INT_103,76,39.99
2025-02-02 03:00:00,INT_104,59,25.82
2025-02-02 04:00:00,INT_101,102,32.81
2025-02-02 04:00:00,INT_102,63,43.19
2025-02-02 04:00:00,INT_103,82,40.47
2025-02-02 04:00:00,INT_104,57,42.66
2025-02-02 05:00:00,INT_101,101,40.46
2025-02-02 05:00:00,INT_102,85,42.59
2025-02-02 05:00:00,INT_103,73,46.88
2025-02-02 05:00:00,INT_104,67,38.06
2025-02-02 06:00:00,INT_101,85,31.98
2025-02-02 06:00:00,INT_102,76,49.89
2025-02-02 06:00:00,INT_103,78,31.48
2025-02-02 06:00:00,INT_104,57,41.88
2025-02-02 07:00:00,INT_101,170,30.71
2025-02-02 07:00:00,INT_102,164,38.99
2025-02-02 07:00:00,INT_103,151,34.11
2025-02-02 07:00:00,INT_104,152,45.77
2025-02-02 08:00:00,INT_101,167,30.69
2025-02-02 08:00:00,INT_102,144,36.14
2025-02-02 08:00:00,INT_103,154,31.63
2025-02-02 08:00:00,INT_104,120,31.86
2025-02-02 09:00:00,INT_101,154,45.81
2025-02-02 09:00:00,INT_102,159,38.2
2025-02-02 09:00:00,INT_103,149,48.39
2025-02-02 09:00:00,INT_104,146,50.13
2025-02-02 10:00:00,INT_101,91,28.67
2025-02-02 10:00:00,INT_102,91,47.63
2025-02-02 10:00:00,INT_103,72,43.33
2025-02-02 10:00:00,INT_104,53,50.68
2025-02-02 11:00:00,INT_101,113,42.49
2025-02-02 11:00:00,INT_102,60,41.85
2025-02-02 11:00:00,INT_103,77,43.72
2025-02-02 11:00:00,INT_104,66,35.98
2025-02-02 12:00:00,INT_101,127,47.91
2025-02-02 12:00:00,INT_102,113,43.0
2025-02-02 12:00:00,INT_103,107,45.09
2025-02-02 12:00:00,INT_104,102,35.87
2025-02-02 13:00:00,INT_101,133,41.2
2025-02-02 13:00:00,INT_102,109,45.04
2025-02-02 13:00:00,INT_103,103,31.22
2025-02-02 13:00:00,INT_104,112,42.91
2025-02-02 14:00:00,INT_101,94,45.54
2025-02-02 14:00:00,INT_102,86,48.4
2025-02-02 14:00:00,INT_103,79,43.38
2025-02-02 14:00:00,INT_104,70,46.91
2025-02-02 15:00:00,INT_101,97,40.67
2025-02-02 15:00:00,INT_102,78,34.89
2025-02-02 15:00:00,INT_103,85,48.44
2025-02-02 15:00:00,INT_104,66,38.65
2025-02-02 16:00:00,INT_101,100,29.54
2025-02-02 16:00:00,INT_102,81,47.0
2025-02-02 16:00:00,INT_103,104,37.93
2025-02-02 16:00:00,INT_104,65,47.65
2025-02-02 17:00:00,INT_101,196,50.98
2025-02-02 17:00:00,INT_102,159,29.2
2025-02-02 17:00:00,INT_103,196,45.1
2025-02-02 17:00:00,INT_104,150,40.56
2025-02-02 18:00:00,INT_101,195,37.62
2025-02-02 18:00:00,INT_102,177,37.85
2025-02-02 18:00:00,INT_103,166,42.56
2025-02-02 18:00:00,INT_104,148,47.93
2025-02-02 19:00:00,INT_101,194,32.39
2025-02-02 19:00:00,INT_102,179,31.97
2025-02-02 19:00:00,INT_103,160,36.35
2025-02-02 19:00:00,INT_104,155,37.39
2025-02-02 20:00:00,INT_101,95,36.94
2025-02-02 20:00:00,INT_102,78,39.98
2025-02-02 20:00:00,INT_103,90,47.24
2025-02-02 20:00:00,INT_104,70,41.5
2025-02-02 21:00:00,INT_101,108,34.34
2025-02-02 21:00:00,INT_102,73,51.94
2025-02-02 21:00:00,INT_103,80,41.36
2025-02-02 21:00:00,INT_104,72,29.95
2025-02-02 22:00:00,INT_101,95,32.66
2025-02-02 22:00:00,INT_102,79,34.86
2025-02-02 22:00:00,INT_103,77,45.02
2025-02-02 22:00:00,INT_104,81,38.9
2025-02-02 23:00:00,INT_101,92,34.58
2025-02-02 23:00:00,INT_102,80,42.84
2025-02-02 23:00:00,INT_103,80,36.77
2025-02-02 23:00:00,INT_104,61,38.26
2025-02-03 00:00:00,INT_101,97,46.01
2025-02-03 00:00:00,INT_102,83,45.04
2025-02-03 00:00:00,INT_103,70,46.81
2025-02-03 00:00:00,INT_104,56,43.81
2025-02-03 01:00:00,INT_101,109,40.21
2025-02-03 01:00:00,INT_102,81,35.42
2025-02-03 01:00:00,INT_103,77,38.17
2025-02-03 01:00:00,INT_104,60,32.53
2025-02-03 02:00:00,INT_101,109,42.54
2025-02-03 02:00:00,INT_102,77,47.13
2025-02-03 02:00:00,INT_103,93,40.87
2025-02-03 02:00:00,INT_104,63,47.83
2025-02-03 03:00:00,INT_101,103,38.38
2025-02-03 03:00:00,INT_102,91,38.51
2025-02-03 03:00:00,INT_103,95,44.86
2025-02-03 03:00:00,INT_104,62,33.58
2025-02-03 04:00:00,INT_101,96,37.69
2025-02-03 04:00:00,INT_102,89,40.53
2025-02-03 04:00:00,INT_103,92,34.13
2025-02-03 04:00:00,INT_104,62,38.23
2025-02-03 05:00:00,INT_101,97,47.86
2025-02-03 05:00:00,INT_102,67,32.26
2025-02-03 05:00:00,INT_103,93,35.4
2025-02-03 05:00:00,INT_104,80,43.18
2025-02-03 06:00:00,INT_101,101,49.37
2025-02-03 06:00:00,INT_102,81,29.63
2025-02-03 06:00:00,INT_103,71,41.33
2025-02-03 06:00:00,INT_104,74,35.45
2025-02-03 07:00:00,INT_101,171,50.29
2025-02-03 07:00:00,INT_102,160,28.06
2025-02-03 07:00:00,INT_103,151,26.18
2025-02-03 07:00:00,INT_104,151,28.22
2025-02-03 08:00:00,INT_101,178,34.74
2025-02-03 08:00:00,INT_102,159,46.44
2025-02-03 08:00:00,INT_103,147,38.34
2025-02-03 08:00:00,INT_104,165,34.31
2025-02-03 09:00:00,INT_101,162,30.77
2025-02-03 09:00:00,INT_102,139,38.32
2025-02-03 09:00:00,INT_103,159,39.01
2025-02-03 09:00:00,INT_104,153,31.06
2025-02-03 10:00:00,INT_101,108,38.54
2025-02-03 10:00:00,INT_102,85,32.8
2025-02-03 10:00:00,INT_103,63,33.67
2025-02-03 10:00:00,INT_104,63,46.39
2025-02-03 11:00:00,INT_101,97,44.79
2025-02-03 11:00:00,INT_102,74,46.85
2025-02-03 11:00:00,INT_103,77,44.2
2025-02-03 11:00:00,INT_104,68,48.56
2025-02-03 12:00:00,INT_101,130,37.29
2025-02-03 12:00:00,INT_102,108,37.21
2025-02-03 12:00:00,INT_103,118,34.48
2025-02-03 12:00:00,INT_104,108,38.5
2025-02-03 13:00:00,INT_101,133,46.47
2025-02-03 13:00:00,INT_102,97,40.57
2025-02-03 13:00:00,INT_103,104,41.72
2025-02-03 13:00:00,INT_104,93,49.28
2025-02-03 14:00:00,INT_101,81,37.03
2025-02-03 14:00:00,INT_102,67,34.82
2025-02-03 14:00:00,INT_103,87,36.85
2025-02-03 14:00:00,INT_104,72,34.84
2025-02-03 15:00:00,INT_101,94,44.03
2025-02-03 15:00:00,INT_102,89,36.08
2025-02-03 15:00:00,INT_103,87,37.29
2025-02-03 15:00:00,INT_104,65,46.33
2025-02-03 16:00:00,INT_101,99,43.35
2025-02-03 16:00:00,INT_102,70,39.64
2025-02-03 16:00:00,INT_103,92,38.77
2025-02-03 16:00:00,INT_104,50,51.64
2025-02-03 17:00:00,INT_101,194,36.53
2025-02-03 17:00:00,INT_102,170,29.66
2025-02-03 17:00:00,INT_103,168,32.03
2025-02-03 17:00:00,INT_104,180,37.98
2025-02-03 18:00:00,INT_101,183,36.87
2025-02-03 18:00:00,INT_102,184,31.42
2025-02-03 18:00:00,INT_103,148,36.28
2025-02-03 18:00:00,INT_104,167,33.4
2025-02-03 19:00:00,INT_101,185,30.97
2025-02-03 19:00:00,INT_102,182,27.2
2025-02-03 19:00:00,INT_103,161,32.07
2025-02-03 19:00:00,INT_104,166,34.77
2025-02-03 20:00:00,INT_101,97,43.44
2025-02-03 20:00:00,INT_102,90,44.43
2025-02-03 20:00:00,INT_103,91,36.94
2025-02-03 20:00:00,INT_104,78,47.05
2025-02-03 21:00:00,INT_101,100,35.67
2025-02-03 21:00:00,INT_102,63,42.5
2025-02-03 21:00:00,INT_103,79,41.24
2025-02-03 21:00:00,INT_104,64,53.24
2025-02-03 22:00:00,INT_101,115,44.91
2025-02-03 22:00:00,INT_102,69,31.56
2025-02-03 22:00:00,INT_103,87,41.95
2025-02-03 22:00:00,INT_104,58,38.99
2025-02-03 23:00:00,INT_101,94,43.72
2025-02-03 23:00:00,INT_102,84,46.42
2025-02-03 23:00:00,INT_103,86,40.57
2025-02-03 23:00:00,INT_104,69,49.3
2025-02-04 00:00:00,INT_101,103,34.93
2025-02-04 00:00:00,INT_102,70,40.65
2025-02-04 00:00:00,INT_103,76,38.98
2025-02-04 00:00:00,INT_104,62,47.16
2025-02-04 01:00:00,INT_101,97,32.03
2025-02-04 01:00:00,INT_102,95,39.39
2025-02-04 01:00:00,INT_103,89,47.33
2025-02-04 01:00:00,INT_104,57,36.54
2025-02-04 02:00:00,INT_101,99,32.36
2025-02-04 02:00:00,INT_102,91,47.41
2025-02-04 02:00:00,INT_103,88,42.42
2025-02-04 02:00:00,INT_104,73,47.85
2025-02-04 03:00:00,INT_101,105,41.55
2025-02-04 03:00:00,INT_102,78,49.33
2025-02-04 03:00:00,INT_103,80,40.46
2025-02-04 03:00:00,INT_104,64,42.64
2025-02-04 04:00:00,INT_101,99,55.78
2025-02-04 04:00:00,INT_102,79,48.95
2025-02-04 04:00:00,INT_103,90,27.69
2025-02-04 04:00:00,INT_104,67,36.68
2025-02-04 05:00:00,INT_101,112,39.61
2025-02-04 05:00:00,INT_102,78,46.63
2025-02-04 05:00:00,INT_103,60,42.87
2025-02-04 05:00:00,INT_104,67,36.67
2025-02-04 06:00:00,INT_101,83,45.07
2025-02-04 06:00:00,INT_102,82,46.25
2025-02-04 06:00:00,INT_103,86,35.14
2025-02-04 06:00:00,INT_104,64,38.71
2025-02-04 07:00:00,INT_101,166,37.97
2025-02-04 07:00:00,INT_102,144,40.41
2025-02-04 07:00:00,INT_103,148,30.99
2025-02-04 07:00:00,INT_104,140,32.47
2025-02-04 08:00:00,INT_101,167,40.47
2025-02-04 08:00:00,INT_102,151,45.35
2025-02-04 08:00:00,INT_103,174,30.25
2025-02-04 08:00:00,INT_104,128,33.58
2025-02-04 09:00:00,INT_101,155,33.16
2025-02-04 09:00:00,INT_102,160,39.02
2025-02-04 09:00:00,INT_103,143,34.55
2025-02-04 09:00:00,INT_104,140,48.61
2025-02-04 10:00:00,INT_101,97,57.87
2025-02-04 10:00:00,INT_102,83,38.73
2025-02-04 10:00:00,INT_103,79,36.54
2025-02-04 10:00:00,INT_104,67,45.84
2025-02-04 11:00:00,INT_101,100,49.16
2025-02-04 11:00:00,INT_102,62,33.69
2025-02-04 11:00:00,INT_103,73,47.31
2025-02-04 11:00:00,INT_104,75,36.17
2025-02-04 12:00:00,INT_101,135,46.35
2025-02-04 12:00:00,INT_102,117,49.13
2025-02-04 12:00:00,INT_103,95,41.02
2025-02-04 12:00:00,INT_104,87,42.18
2025-02-04 13:00:00,INT_101,130,40.92
2025-02-04 13:00:00,INT_102,104,47.24
2025-02-04 13:00:00,INT_103,105,45.81
2025-02-04 13:00:00,INT_104,96,23.88
2025-02-04 14:00:00,INT_101,104,32.61
2025-02-04 14:00:00,INT_102,82,43.36
2025-02-04 14:00:00,INT_103,68,38.24
2025-02-04 14:00:00,INT_104,77,40.36
2025-02-04 15:00:00,INT_101,95,41.04
2025-02-04 15:00:00,INT_102,104,41.61
2025-02-04 15:00:00,INT_103,85,45.13
2025-02-04 15:00:00,INT_104,58,55.45
2025-02-04 16:00:00,INT_101,100,41.56
2025-02-04 16:00:00,INT_102,88,40.28
2025-02-04 16:00:00,INT_103,86,44.35
2025-02-04 16:00:00,INT_104,64,49.65
2025-02-04 17:00:00,INT_101,187,36.14
2025-02-04 17:00:00,INT_102,157,41.34
2025-02-04 17:00:00,INT_103,165,36.34
2025-02-04 17:00:00,INT_104,167,30.88
2025-02-04 18:00:00,INT_101,174,27.19
2025-02-04 18:00:00,INT_102,170,36.11
2025-02-04 18:00:00,INT_103,183,32.87
2025-02-04 18:00:00,INT_104,178,20.87
2025-02-04 19:00:00,INT_101,194,44.39
2025-02-04 19:00:00,INT_102,173,24.65
2025-02-04 19:00:00,INT_103,175,38.8
2025-02-04 19:00:00,INT_104,166,31.05
2025-02-04 20:00:00,INT_101,93,38.82
2025-02-04 20:00:00,INT_102,79,38.62
2025-02-04 20:00:00,INT_103,72,44.69
2025-02-04 20:00:00,INT_104,74,45.28
2025-02-04 21:00:00,INT_101,98,43.14
2025-02-04 21:00:00,INT_102,87,52.83
2025-02-04 21:00:00,INT_103,87,48.83
2025-02-04 21:00:00,INT_104,73,47.29
2025-02-04 22:00:00,INT_101,98,54.6
2025-02-04 22:00:00,INT_102,80,55.54
2025-02-04 22:00:00,INT_103,78,49.47
2025-02-04 22:00:00,INT_104,101,44.92
2025-02-04 23:00:00,INT_101,111,42.64
2025-02-04 23:00:00,INT_102,80,36.61
2025-02-04 23:00:00,INT_103,77,33.49
2025-02-04 23:00:00,INT_104,72,33.71
2025-02-05 00:00:00,INT_101,99,47.4
2025-02-05 00:00:00,INT_102,92,38.56
2025-02-05 00:00:00,INT_103,81,35.48
2025-02-05 00:00:00,INT_104,61,46.87
2025-02-05 01:00:00,INT_101,103,38.58
2025-02-05 01:00:00,INT_102,77,43.52
2025-02-05 01:00:00,INT_103,81,39.29
2025-02-05 01:00:00,INT_104,73,47.82
2025-02-05 02:00:00,INT_101,99,40.35
2025-02-05 02:00:00,INT_102,76,45.85
2025-02-05 02:00:00,INT_103,87,51.8
2025-02-05 02:00:00,INT_104,70,39.61
2025-02-05 03:00:00,INT_101,110,42.32
2025-02-05 03:00:00,INT_102,78,35.78
2025-02-05 03:00:00,INT_103,101,43.12
2025-02-05 03:00:00,INT_104,65,37.31
2025-02-05 04:00:00,INT_101,103,39.65
2025-02-05 04:00:00,INT_102,76,49.31
2025-02-05 04:00:00,INT_103,88,52.88
2025-02-05 04:00:00,INT_104,67,46.21
2025-02-05 05:00:00,INT_101,108,41.84
2025-02-05 05:00:00,INT_102,81,33.92
2025-02-05 05:00:00,INT_103,83,46.46
2025-02-05 05:00:00,INT_104,59,41.3
2025-02-05 06:00:00,INT_101,104,46.87
2025-02-05 06:00:00,INT_102,81,41.2
2025-02-05 06:00:00,INT_103,98,45.59
2025-02-05 06:00:00,INT_104,73,42.42
2025-02-05 07:00:00,INT_101,176,27.36
2025-02-05 07:00:00,INT_102,136,41.21
2025-02-05 07:00:00,INT_103,156,43.03
2025-02-05 07:00:00,INT_104,126,44.16
2025-02-05 08:00:00,INT_101,184,24.38
2025-02-05 08:00:00,INT_102,145,41.2
2025-02-05 08:00:00,INT_103,150,39.64
2025-02-05 08:00:00,INT_104,135,48.0
2025-02-05 09:00:00,INT_101,170,36.36
2025-02-05 09:00:00,INT_102,141,37.19
2025-02-05 09:00:00,INT_103,144,41.83
2025-02-05 09:00:00,INT_104,140,46.85
2025-02-05 10:00:00,INT_101,98,47.14
2025-02-05 10:00:00,INT_102,90,45.37
2025-02-05 10:00:00,INT_103,98,40.62
2025-02-05 10:00:00,INT_104,70,40.05
2025-02-05 11:00:00,INT_101,99,37.4
2025-02-05 11:00:00,INT_102,81,44.25
2025-02-05 11:00:00,INT_103,86,43.88
2025-02-05 11:00:00,INT_104,62,38.95
2025-02-05 12:00:00,INT_101,128,44.29
2025-02-05 12:00:00,INT_102,101,48.44
2025-02-05 12:00:00,INT_103,127,42.06
2025-02-05 12:00:00,INT_104,105,48.17
2025-02-05 13:00:00,INT_101,133,43.68
2025-02-05 13:00:00,INT_102,110,40.57
2025-02-05 13:00:00,INT_103,122,40.89
2025-02-05 13:00:00,INT_104,91,40.35
2025-02-05 14:00:00,INT_101,99,37.5
2025-02-05 14:00:00,INT_102,86,39.28
2025-02-05 14:00:00,INT_103,77,42.62
2025-02-05 14:00:00,INT_104,77,35.13
2025-02-05 15:00:00,INT_101,107,42.91
2025-02-05 15:00:00,INT_102,87,46.7
2025-02-05 15:00:00,INT_103,75,37.17
2025-02-05 15:00:00,INT_104,73,44.39
2025-02-05 16:00:00,INT_101,102,31.09
2025-02-05 16:00:00,INT_102,84,37.1
2025-02-05 16:00:00,INT_103,89,37.04
2025-02-05 16:00:00,INT_104,77,40.86
2025-02-05 17:00:00,INT_101,203,37.39
2025-02-05 17:00:00,INT_102,170,47.72
2025-02-05 17:00:00,INT_103,187,49.57
2025-02-05 17:00:00,INT_104,156,21.55
2025-02-05 18:00:00,INT_101,197,35.38
2025-02-05 18:00:00,INT_102,172,44.89
2025-02-05 18:00:00,INT_103,186,28.9
2025-02-05 18:00:00,INT_104,166,31.88
2025-02-05 19:00:00,INT_101,208,43.9
2025-02-05 19:00:00,INT_102,160,24.83
2025-02-05 19:00:00,INT_103,190,32.74
2025-02-05 19:00:00,INT_104,160,36.51
2025-02-05 20:00:00,INT_101,102,37.16
2025-02-05 20:00:00,INT_102,84,36.39
2025-02-05 20:00:00,INT_103,79,31.79
2025-02-05 20:00:00,INT_104,88,38.0
2025-02-05 21:00:00,INT_101,99,31.79
2025-02-05 21:00:00,INT_102,74,39.71
2025-02-05 21:00:00,INT_103,62,39.72
2025-02-05 21:00:00,INT_104,55,45.44
2025-02-05 22:00:00,INT_101,102,44.1
2025-02-05 22:00:00,INT_102,65,47.49
2025-02-05 22:00:00,INT_103,79,53.0
2025-02-05 22:00:00,INT_104,65,40.33
2025-02-05 23:00:00,INT_101,107,49.48
2025-02-05 23:00:00,INT_102,75,39.05
2025-02-05 23:00:00,INT_103,80,40.14
2025-02-05 23:00:00,INT_104,64,40.7
2025-02-06 00:00:00,INT_101,97,50.29
2025-02-06 00:00:00,INT_102,88,49.43
2025-02-06 00:00:00,INT_103,85,44.45
2025-02-06 00:00:00,INT_104,73,41.12
2025-02-06 01:00:00,INT_101,101,36.0
2025-02-06 01:00:00,INT_102,72,41.58
2025-02-06 01:00:00,INT_103,69,53.64
2025-02-06 01:00:00,INT_104,67,38.4
2025-02-06 02:00:00,INT_101,114,38.1
2025-02-06 02:00:00,INT_102,78,32.68
2025-02-06 02:00:00,INT_103,67,37.11
2025-02-06 02:00:00,INT_104,77,37.61
2025-02-06 03:00:00,INT_101,116,42.59
2025-02-06 03:00:00,INT_102,76,42.55
2025-02-06 03:00:00,INT_103,84,47.24
2025-02-06 03:00:00,INT_104,85,47.62
2025-02-06 04:00:00,INT_101,84,30.36
2025-02-06 04:00:00,INT_102,71,46.79
2025-02-06 04:00:00,INT_103,79,34.12
2025-02-06 04:00:00,INT_104,78,39.63
2025-02-06 05:00:00,INT_101,96,35.74
2025-02-06 05:00:00,INT_102,83,39.5
2025-02-06 05:00:00,INT_103,100,46.65
2025-02-06 05:00:00,INT_104,49,42.26
2025-02-06 06:00:00,INT_101,105,45.99
2025-02-06 06:00:00,INT_102,67,35.83
2025-02-06 06:00:00,INT_103,82,42.43
2025-02-06 06:00:00,INT_104,78,32.6
2025-02-06 07:00:00,INT_101,178,35.61
2025-02-06 07:00:00,INT_102,152,36.24
2025-02-06 07:00:00,INT_103,159,22.0
2025-02-06 07:00:00,INT_104,149,37.25
2025-02-06 08:00:00,INT_101,175,41.46
2025-02-06 08:00:00,INT_102,154,34.32
2025-02-06 08:00:00,INT_103,153,31.0
2025-02-06 08:00:00,INT_104,150,32.63
2025-02-06 09:00:00,INT_101,166,43.45
2025-02-06 09:00:00,INT_102,140,53.11
2025-02-06 09:00:00,INT_103,142,50.22
2025-02-06 09:00:00,INT_104,141,51.76
2025-02-06 10:00:00,INT_101,93,42.02
2025-02-06 10:00:00,INT_102,81,41.14
2025-02-06 10:00:00,INT_103,105,36.82
2025-02-06 10:00:00,INT_104,58,30.24
2025-02-06 11:00:00,INT_101,98,40.82
2025-02-06 11:00:00,INT_102,70,50.98
2025-02-06 11:00:00,INT_103,89,39.24
2025-02-06 11:00:00,INT_104,59,38.44
2025-02-06 12:00:00,INT_101,127,40.91
2025-02-06 12:00:00,INT_102,115,41.28
2025-02-06 12:00:00,INT_103,112,42.24
2025-02-06 12:00:00,INT_104,90,35.21
2025-02-06 13:00:00,INT_101,121,33.35
2025-02-06 13:00:00,INT_102,114,46.83
2025-02-06 13:00:00,INT_103,100,45.65
2025-02-06 13:00:00,INT_104,94,52.19
2025-02-06 14:00:00,INT_101,97,45.15
2025-02-06 14:00:00,INT_102,75,43.83
2025-02-06 14:00:00,INT_103,85,35.38
2025-02-06 14:00:00,INT_104,70,39.22
2025-02-06 15:00:00,INT_101,107,54.69
2025-02-06 15:00:00,INT_102,84,31.98
2025-02-06 15:00:00,INT_103,72,45.52
2025-02-06 15:00:00,INT_104,80,47.41
2025-02-06 16:00:00,INT_101,102,47.51
2025-02-06 16:00:00,INT_102,72,37.15
2025-02-06 16:00:00,INT_103,68,44.2
2025-02-06 16:00:00,INT_104,69,49.17
2025-02-06 17:00:00,INT_101,199,38.15
2025-02-06 17:00:00,INT_102,171,32.54
2025-02-06 17:00:00,INT_103,164,35.07
2025-02-06 17:00:00,INT_104,179,36.48
2025-02-06 18:00:00,INT_101,185,24.24
2025-02-06 18:00:00,INT_102,185,30.6
2025-02-06 18:00:00,INT_103,166,31.19
2025-02-06 18:00:00,INT_104,160,19.84
2025-02-06 19:00:00,INT_101,176,24.21
2025-02-06 19:00:00,INT_102,165,42.28
2025-02-06 19:00:00,INT_103,177,36.34
2025-02-06 19:00:00,INT_104,168,29.03
2025-02-06 20:00:00,INT_101,92,31.16
2025-02-06 20:00:00,INT_102,88,37.5
2025-02-06 20:00:00,INT_103,97,37.96
2025-02-06 20:00:00,INT_104,59,37.8
2025-02-06 21:00:00,INT_101,95,46.6
2025-02-06 21:00:00,INT_102,87,46.07
2025-02-06 21:00:00,INT_103,77,42.47
2025-02-06 21:00:00,INT_104,66,31.24
2025-02-06 22:00:00,INT_101,104,44.4
2025-02-06 22:00:00,INT_102,83,31.9
2025-02-06 22:00:00,INT_103,85,41.27
2025-02-06 22:00:00,INT_104,63,53.93
2025-02-06 23:00:00,INT_101,101,50.24
2025-02-06 23:00:00,INT_102,79,38.26
2025-02-06 23:00:00,INT_103,88,45.36
2025-02-06 23:00:00,INT_104,70,43.12
2025-02-07 00:00:00,INT_101,120,38.46
2025-02-07 00:00:00,INT_102,68,51.71
2025-02-07 00:00:00,INT_103,71,38.16
2025-02-07 00:00:00,INT_104,80,44.8
2025-02-07 01:00:00,INT_101,90,41.91
2025-02-07 01:00:00,INT_102,90,46.75
2025-02-07 01:00:00,INT_103,83,44.59
2025-02-07 01:00:00,INT_104,67,37.03
2025-02-07 02:00:00,INT_101,91,45.65
2025-02-07 02:00:00,INT_102,79,35.06
2025-02-07 02:00:00,INT_103,87,48.63
2025-02-07 02:00:00,INT_104,56,36.23
2025-02-07 03:00:00,INT_101,107,37.91
2025-02-07 03:00:00,INT_102,81,41.85
2025-02-07 03:00:00,INT_103,83,36.39
2025-02-07 03:00:00,INT_104,68,47.94
2025-02-07 04:00:00,INT_101,100,46.06
2025-02-07 04:00:00,INT_102,86,49.21
2025-02-07 04:00:00,INT_103,62,40.5
2025-02-07 04:00:00,INT_104,58,26.55
2025-02-07 05:00:00,INT_101,96,26.24
2025-02-07 05:00:00,INT_102,82,57.42
2025-02-07 05:00:00,INT_103,87,49.23
2025-02-07 05:00:00,INT_104,75,45.94
2025-02-07 06:00:00,INT_101,88,52.86
2025-02-07 06:00:00,INT_102,74,42.39
2025-02-07 06:00:00,INT_103,79,47.12
2025-02-07 06:00:00,INT_104,83,47.62
2025-02-07 07:00:00,INT_101,173,30.88
2025-02-07 07:00:00,INT_102,148,37.87
2025-02-07 07:00:00,INT_103,156,40.56
2025-02-07 07:00:00,INT_104,137,35.32
2025-02-07 08:00:00,INT_101,171,37.19
2025-02-07 08:00:00,INT_102,156,36.85
2025-02-07 08:00:00,INT_103,139,54.3
2025-02-07 08:00:00,INT_104,135,45.36
2025-02-07 09:00:00,INT_101,177,35.51
2025-02-07 09:00:00,INT_102,152,22.14
2025-02-07 09:00:00,INT_103,142,37.0
2025-02-07 09:00:00,INT_104,148,38.7
2025-02-07 10:00:00,INT_101,94,43.09
2025-02-07 10:00:00,INT_102,96,37.8
2025-02-07 10:00:00,INT_103,91,42.92
2025-02-07 10:00:00,INT_104,65,37.01
2025-02-07 11:00:00,INT_101,94,37.44
2025-02-07 11:00:00,INT_102,84,41.63
2025-02-07 11:00:00,INT_103,85,50.77
2025-02-07 11:00:00,INT_104,76,44.84
2025-02-07 12:00:00,INT_101,142,40.67
2025-02-07 12:00:00,INT_102,106,46.55
2025-02-07 12:00:00,INT_103,118,44.54
2025-02-07 12:00:00,INT_104,100,42.09
2025-02-07 13:00:00,INT_101,114,32.68
2025-02-07 13:00:00,INT_102,101,36.03
2025-02-07 13:00:00,INT_103,117,47.38
2025-02-07 13:00:00,INT_104,115,33.55
2025-02-07 14:00:00,INT_101,107,43.93
2025-02-07 14:00:00,INT_102,80,50.57
2025-02-07 14:00:00,INT_103,61,41.36
2025-02-07 14:00:00,INT_104,68,48.83
2025-02-07 15:00:00,INT_101,108,41.94
2025-02-07 15:00:00,INT_102,73,43.73
2025-02-07 15:00:00,INT_103,77,38.85
2025-02-07 15:00:00,INT_104,65,43.41
2025-02-07 16:00:00,INT_101,97,41.9
2025-02-07 16:00:00,INT_102,101,35.66
2025-02-07 16:00:00,INT_103,88,36.65
2025-02-07 16:00:00,INT_104,58,52.26
2025-02-07 17:00:00,INT_101,182,29.93
2025-02-07 17:00:00,INT_102,177,45.49
2025-02-07 17:00:00,INT_103,177,37.37
2025-02-07 17:00:00,INT_104,137,39.7
2025-02-07 18:00:00,INT_101,210,27.73
2025-02-07 18:00:00,INT_102,166,28.15
2025-02-07 18:00:00,INT_103,173,33.59
2025-02-07 18:00:00,INT_104,149,31.96
2025-02-07 19:00:00,INT_101,207,41.65
2025-02-07 19:00:00,INT_102,161,30.25
2025-02-07 19:00:00,INT_103,181,31.37
2025-02-07 19:00:00,INT_104,161,33.37
2025-02-07 20:00:00,INT_101,87,51.89
2025-02-07 20:00:00,INT_102,74,44.21
2025-02-07 20:00:00,INT_103,77,44.29
2025-02-07 20:00:00,INT_104,50,32.8
2025-02-07 21:00:00,INT_101,98,41.62
2025-02-07 21:00:00,INT_102,94,46.16
2025-02-07 21:00:00,INT_103,76,42.96
2025-02-07 21:00:00,INT_104,77,50.06
2025-02-07 22:00:00,INT_101,91,33.51
2025-02-07 22:00:00,INT_102,79,41.48
2025-02-07 22:00:00,INT_103,81,39.92
2025-02-07 22:00:00,INT_104,74,34.92
2025-02-07 23:00:00,INT_101,106,42.36
2025-02-07 23:00:00,INT_102,68,44.27
2025-02-07 23:00:00,INT_103,82,50.25
2025-02-07 23:00:00,INT_104,77,42.93
2025-02-08 00:00:00,INT_101,105,36.73
2025-02-08 00:00:00,INT_102,71,49.89
2025-02-08 00:00:00,INT_103,89,48.2
2025-02-08 00:00:00,INT_104,58,36.99
2025-02-08 01:00:00,INT_101,98,44.49
2025-02-08 01:00:00,INT_102,88,48.99
2025-02-08 01:00:00,INT_103,69,40.53
2025-02-08 01:00:00,INT_104,65,38.41
2025-02-08 02:00:00,INT_101,96,39.94
2025-02-08 02:00:00,INT_102,87,37.56
2025-02-08 02:00:00,INT_103,77,50.85
2025-02-08 02:00:00,INT_104,63,41.63
2025-02-08 03:00:00,INT_101,95,28.12
2025-02-08 03:00:00,INT_102,83,47.17
2025-02-08 03:00:00,INT_103,73,40.97
2025-02-08 03:00:00,INT_104,71,40.9
2025-02-08 04:00:00,INT_101,86,43.44
2025-02-08 04:00:00,INT_102,85,48.4
2025-02-08 04:00:00,INT_103,87,42.81
2025-02-08 04:00:00,INT_104,64,41.5
2025-02-08 05:00:00,INT_101,94,39.7
2025-02-08 05:00:00,INT_102,79,39.1
2025-02-08 05:00:00,INT_103,90,32.93
2025-02-08 05:00:00,INT_104,85,40.92
2025-02-08 06:00:00,INT_101,100,41.05
2025-02-08 06:00:00,INT_102,83,37.42
2025-02-08 06:00:00,INT_103,95,35.96
2025-02-08 06:00:00,INT_104,74,43.77
2025-02-08 07:00:00,INT_101,173,31.55
2025-02-08 07:00:00,INT_102,146,42.72
2025-02-08 07:00:00,INT_103,146,40.76
2025-02-08 07:00:00,INT_104,157,31.98
2025-02-08 08:00:00,INT_101,181,35.31
2025-02-08 08:00:00,INT_102,144,46.77
2025-02-08 08:00:00,INT_103,162,30.92
2025-02-08 08:00:00,INT_104,135,39.64
2025-02-08 09:00:00,INT_101,162,37.36
2025-02-08 09:00:00,INT_102,130,37.37
2025-02-08 09:00:00,INT_103,156,32.17
2025-02-08 09:00:00,INT_104,148,44.37
2025-02-08 10:00:00,INT_101,99,48.58
2025-02-08 10:00:00,INT_102,60,40.13
2025-02-08 10:00:00,INT_103,86,39.61
2025-02-08 10:00:00,INT_104,66,41.51
2025-02-08 11:00:00,INT_101,93,45.14
2025-02-08 11:00:00,INT_102,82,42.19
2025-02-08 11:00:00,INT_103,81,34.94
2025-02-08 11:00:00,INT_104,70,43.47
2025-02-08 12:00:00,INT_101,127,39.62
2025-02-08 12:00:00,INT_102,118,44.13
2025-02-08 12:00:00,INT_103,101,38.66
2025-02-08 12:00:00,INT_104,100,43.35
2025-02-08 13:00:00,INT_101,123,43.3
2025-02-08 13:00:00,INT_102,103,38.11
2025-02-08 13:00:00,INT_103,110,39.09
2025-02-08 13:00:00,INT_104,90,40.17
2025-02-08 14:00:00,INT_101,89,42.51
2025-02-08 14:00:00,INT_102,84,39.88
2025-02-08 14:00:00,INT_103,82,45.05
2025-02-08 14:00:00,INT_104,69,49.24
2025-02-08 15:00:00,INT_101,94,39.46
2025-02-08 15:00:00,INT_102,76,38.22
2025-02-08 15:00:00,INT_103,74,44.97
2025-02-08 15:00:00,INT_104,75,42.93
2025-02-08 16:00:00,INT_101,95,37.42
2025-02-08 16:00:00,INT_102,79,46.09
2025-02-08 16:00:00,INT_103,70,32.03
2025-02-08 16:00:00,INT_104,76,52.64
2025-02-08 17:00:00,INT_101,189,31.18
2025-02-08 17:00:00,INT_102,169,40.44
2025-02-08 17:00:00,INT_103,174,44.95
2025-02-08 17:00:00,INT_104,164,18.11
2025-02-08 18:00:00,INT_101,192,47.51
2025-02-08 18:00:00,INT_102,177,41.44
2025-02-08 18:00:00,INT_103,158,35.77
2025-02-08 18:00:00,INT_104,153,37.63
2025-02-08 19:00:00,INT_101,176,33.46
2025-02-08 19:00:00,INT_102,168,38.58
2025-02-08 19:00:00,INT_103,169,29.78
2025-02-08 19:00:00,INT_104,167,32.56
2025-02-08 20:00:00,INT_101,102,41.24
2025-02-08 20:00:00,INT_102,86,35.54
2025-02-08 20:00:00,INT_103,79,34.82
2025-02-08 20:00:00,INT_104,76,51.75
2025-02-08 21:00:00,INT_101,107,39.03
2025-02-08 21:00:00,INT_102,82,49.61
2025-02-08 21:00:00,INT_103,78,45.02
2025-02-08 21:00:00,INT_104,75,30.32
2025-02-08 22:00:00,INT_101,87,53.2
2025-02-08 22:00:00,INT_102,90,45.83
2025-02-08 22:00:00,INT_103,75,42.47
2025-02-08 22:00:00,INT_104,60,47.18
2025-02-08 23:00:00,INT_101,107,34.58
2025-02-08 23:00:00,INT_102,82,33.18
2025-02-08 23:00:00,INT_103,76,43.89
2025-02-08 23:00:00,INT_104,57,41.7
2025-02-09 00:00:00,INT_101,95,38.56
2025-02-09 00:00:00,INT_102,78,35.14
2025-02-09 00:00:00,INT_103,73,40.08
2025-02-09 00:00:00,INT_104,51,44.54
2025-02-09 01:00:00,INT_101,96,41.91
2025-02-09 01:00:00,INT_102,73,43.3
2025-02-09 01:00:00,INT_103,83,21.83
2025-02-09 01:00:00,INT_104,76,41.24
2025-02-09 02:00:00,INT_101,106,50.7
2025-02-09 02:00:00,INT_102,73,51.77
2025-02-09 02:00:00,INT_103,95,41.08
2025-02-09 02:00:00,INT_104,70,38.42
2025-02-09 03:00:00,INT_101,97,34.94
2025-02-09 03:00:00,INT_102,61,44.43
2025-02-09 03:00:00,INT_103,80,52.66
2025-02-09 03:00:00,INT_104,77,43.35
2025-02-09 04:00:00,INT_101,103,35.19
2025-02-09 04:00:00,INT_102,86,40.19
2025-02-09 04:00:00,INT_103,79,36.21
2025-02-09 04:00:00,INT_104,74,42.92
2025-02-09 05:00:00,INT_101,91,38.22
2025-02-09 05:00:00,INT_102,70,37.56
2025-02-09 05:00:00,INT_103,87,38.08
2025-02-09 05:00:00,INT_104,75,35.61
2025-02-09 06:00:00,INT_101,99,40.6
2025-02-09 06:00:00,INT_102,73,44.2
2025-02-09 06:00:00,INT_103,81,37.2
2025-02-09 06:00:00,INT_104,78,40.06
2025-02-09 07:00:00,INT_101,158,39.97
2025-02-09 07:00:00,INT_102,154,37.87
2025-02-09 07:00:00,INT_103,150,33.72
2025-02-09 07:00:00,INT_104,132,38.09
2025-02-09 08:00:00,INT_101,157,15.21
2025-02-09 08:00:00,INT_102,123,46.73
2025-02-09 08:00:00,INT_103,137,42.38
2025-02-09 08:00:00,INT_104,154,27.71
2025-02-09 09:00:00,INT_101,191,33.73
2025-02-09 09:00:00,INT_102,173,36.68
2025-02-09 09:00:00,INT_103,151,27.47
2025-02-09 09:00:00,INT_104,135,48.79
2025-02-09 10:00:00,INT_101,85,44.85
2025-02-09 10:00:00,INT_102,68,45.76
2025-02-09 10:00:00,INT_103,89,41.23
2025-02-09 10:00:00,INT_104,75,36.46
2025-02-09 11:00:00,INT_101,97,35.95
2025-02-09 11:00:00,INT_102,82,41.32
2025-02-09 11:00:00,INT_103,81,38.44
2025-02-09 11:00:00,INT_104,51,46.08
2025-02-09 12:00:00,INT_101,144,57.5
2025-02-09 12:00:00,INT_102,97,40.8
2025-02-09 12:00:00,INT_103,122,40.58
2025-02-09 12:00:00,INT_104,94,31.25
2025-02-09 13:00:00,INT_101,134,23.46
2025-02-09 13:00:00,INT_102,109,36.19
2025-02-09 13:00:00,INT_103,124,35.57
2025-02-09 13:00:00,INT_104,116,47.54
2025-02-09 14:00:00,INT_101,106,40.69
2025-02-09 14:00:00,INT_102,91,38.54
2025-02-09 14:00:00,INT_103,71,51.06
2025-02-09 14:00:00,INT_104,81,44.3
2025-02-09 15:00:00,INT_101,107,41.54
2025-02-09 15:00:00,INT_102,81,37.94
2025-02-09 15:00:00,INT_103,75,33.81
2025-02-09 15:00:00,INT_104,59,38.79
2025-02-09 16:00:00,INT_101,102,38.35
2025-02-09 16:00:00,INT_102,88,47.96
2025-02-09 16:00:00,INT_103,85,45.79
2025-02-09 16:00:00,INT_104,70,30.09
2025-02-09 17:00:00,INT_101,203,31.56
2025-02-09 17:00:00,INT_102,179,33.28
2025-02-09 17:00:00,INT_103,167,36.45
2025-02-09 17:00:00,INT_104,156,45.12
2025-02-09 18:00:00,INT_101,197,34.64
2025-02-09 18:00:00,INT_102,160,32.84
2025-02-09 18:00:00,INT_103,169,29.67
2025-02-09 18:00:00,INT_104,156,33.37
2025-02-09 19:00:00,INT_101,194,41.78
2025-02-09 19:00:00,INT_102,152,29.56
2025-02-09 19:00:00,INT_103,165,38.15
2025-02-09 19:00:00,INT_104,165,26.66
2025-02-09 20:00:00,INT_101,96,52.58
2025-02-09 20:00:00,INT_102,71,38.64
2025-02-09 20:00:00,INT_103,76,36.74
2025-02-09 20:00:00,INT_104,76,32.22
2025-02-09 21:00:00,INT_101,91,36.11
2025-02-09 21:00:00,INT_102,90,40.96
2025-02-09 21:00:00,INT_103,86,31.92
2025-02-09 21:00:00,INT_104,89,41.65
2025-02-09 22:00:00,INT_101,99,35.81
2025-02-09 22:00:00,INT_102,84,46.39
2025-02-09 22:00:00,INT_103,81,31.46
2025-02-09 22:00:00,INT_104,68,46.87
2025-02-09 23:00:00,INT_101,102,46.88
2025-02-09 23:00:00,INT_102,75,46.26
2025-02-09 23:00:00,INT_103,91,39.99
2025-02-09 23:00:00,INT_104,78,47.6
2025-02-10 00:00:00,INT_101,97,33.96
2025-02-10 00:00:00,INT_102,80,52.45
2025-02-10 00:00:00,INT_103,81,38.14
2025-02-10 00:00:00,INT_104,71,45.76
2025-02-10 01:00:00,INT_101,92,53.38
2025-02-10 01:00:00,INT_102,97,38.62
2025-02-10 01:00:00,INT_103,80,35.56
2025-02-10 01:00:00,INT_104,73,41.76
2025-02-10 02:00:00,INT_101,98,32.51
2025-02-10 02:00:00,INT_102,105,30.55
2025-02-10 02:00:00,INT_103,90,34.34
2025-02-10 02:00:00,INT_104,66,44.12
2025-02-10 03:00:00,INT_101,111,37.25
2025-02-10 03:00:00,INT_102,83,42.53
2025-02-10 03:00:00,INT_103,86,47.71
2025-02-10 03:00:00,INT_104,63,41.39
2025-02-10 04:00:00,INT_101,94,42.72
2025-02-10 04:00:00,INT_102,78,57.31
2025-02-10 04:00:00,INT_103,86,36.05
2025-02-10 04:00:00,INT_104,66,29.64
2025-02-10 05:00:00,INT_101,112,44.76
2025-02-10 05:00:00,INT_102,82,43.53
2025-02-10 05:00:00,INT_103,74,35.54
2025-02-10 05:00:00,INT_104,67,34.15
2025-02-10 06:00:00,INT_101,99,38.2
2025-02-10 06:00:00,INT_102,61,54.4
2025-02-10 06:00:00,INT_103,86,39.56
2025-02-10 06:00:00,INT_104,60,45.19
2025-02-10 07:00:00,INT_101,159,47.91
2025-02-10 07:00:00,INT_102,148,45.08
2025-02-10 07:00:00,INT_103,150,36.98
2025-02-10 07:00:00,INT_104,131,33.08
2025-02-10 08:00:00,INT_101,165,37.58
2025-02-10 08:00:00,INT_102,163,43.08
2025-02-10 08:00:00,INT_103,143,33.98
2025-02-10 08:00:00,INT_104,144,39.54
2025-02-10 09:00:00,INT_101,167,26.81
2025-02-10 09:00:00,INT_102,159,39.45
2025-02-10 09:00:00,INT_103,119,39.11
2025-02-10 09:00:00,INT_104,134,37.88
2025-02-10 10:00:00,INT_101,88,44.85
2025-02-10 10:00:00,INT_102,82,43.85
2025-02-10 10:00:00,INT_103,88,48.78
2025-02-10 10:00:00,INT_104,59,36.82
2025-02-10 11:00:00,INT_101,90,44.06
2025-02-10 11:00:00,INT_102,74,38.77
2025-02-10 11:00:00,INT_103,79,44.35
2025-02-10 11:00:00,INT_104,70,36.58
2025-02-10 12:00:00,INT_101,110,39.42
2025-02-10 12:00:00,INT_102,112,51.07
2025-02-10 12:00:00,INT_103,107,30.01
2025-02-10 12:00:00,INT_104,87,36.74
2025-02-10 13:00:00,INT_101,111,40.86
2025-02-10 13:00:00,INT_102,117,34.55
2025-02-10 13:00:00,INT_103,109,44.59
2025-02-10 13:00:00,INT_104,92,38.48
2025-02-10 14:00:00,INT_101,117,47.05
2025-02-10 14:00:00,INT_102,76,34.02
2025-02-10 14:00:00,INT_103,94,33.53
2025-02-10 14:00:00,INT_104,54,30.64
2025-02-10 15:00:00,INT_101,102,36.89
2025-02-10 15:00:00,INT_102,91,38.84
2025-02-10 15:00:00,INT_103,81,54.73
2025-02-10 15:00:00,INT_104,80,35.98
2025-02-10 16:00:00,INT_101,101,47.01
2025-02-10 16:00:00,INT_102,60,44.51
2025-02-10 16:00:00,INT_103,84,46.68
2025-02-10 16:00:00,INT_104,60,42.81
2025-02-10 17:00:00,INT_101,184,35.72
2025-02-10 17:00:00,INT_102,169,19.92
2025-02-10 17:00:00,INT_103,171,29.66
2025-02-10 17:00:00,INT_104,159,35.98
2025-02-10 18:00:00,INT_101,187,27.87
2025-02-10 18:00:00,INT_102,169,30.35
2025-02-10 18:00:00,INT_103,177,31.45
2025-02-10 18:00:00,INT_104,155,29.47
2025-02-10 19:00:00,INT_101,183,33.14
2025-02-10 19:00:00,INT_102,173,34.28
2025-02-10 19:00:00,INT_103,162,31.93
2025-02-10 19:00:00,INT_104,174,30.4
2025-02-10 20:00:00,INT_101,105,43.06
2025-02-10 20:00:00,INT_102,73,48.64
2025-02-10 20:00:00,INT_103,88,36.16
2025-02-10 20:00:00,INT_104,59,38.83
2025-02-10 21:00:00,INT_101,99,55.04
2025-02-10 21:00:00,INT_102,78,30.08
2025-02-10 21:00:00,INT_103,96,40.95
2025-02-10 21:00:00,INT_104,64,46.02
2025-02-10 22:00:00,INT_101,107,41.53
2025-02-10 22:00:00,INT_102,75,44.12
2025-02-10 22:00:00,INT_103,72,36.76
2025-02-10 22:00:00,INT_104,65,38.05
2025-02-10 23:00:00,INT_101,108,42.65
2025-02-10 23:00:00,INT_102,99,53.96
2025-02-10 23:00:00,INT_103,83,44.11
2025-02-10 23:00:00,INT_104,76,40.22
2025-02-11 00:00:00,INT_101,87,40.08
2025-02-11 00:00:00,INT_102,79,51.59
2025-02-11 00:00:00,INT_103,85,31.91
2025-02-11 00:00:00,INT_104,66,37.42
2025-02-11 01:00:00,INT_101,99,39.58
2025-02-11 01:00:00,INT_102,79,39.38
2025-02-11 01:00:00,INT_103,80,43.08
2025-02-11 01:00:00,INT_104,66,35.96
2025-02-11 02:00:00,INT_101,93,49.53
2025-02-11 02:00:00,INT_102,80,49.08
2025-02-11 02:00:00,INT_103,73,45.78
2025-02-11 02:00:00,INT_104,72,37.43
2025-02-11 03:00:00,INT_101,96,47.84
2025-02-11 03:00:00,INT_102,68,47.14
2025-02-11 03:00:00,INT_103,75,39.4
2025-02-11 03:00:00,INT_104,74,39.31
2025-02-11 04:00:00,INT_101,88,43.26
2025-02-11 04:00:00,INT_102,60,42.45
2025-02-11 04:00:00,INT_103,96,30.16
2025-02-11 04:00:00,INT_104,70,28.38
2025-02-11 05:00:00,INT_101,98,41.98
2025-02-11 05:00:00,INT_102,76,37.62
2025-02-11 05:00:00,INT_103,81,39.66
2025-02-11 05:00:00,INT_104,76,33.54
2025-02-11 06:00:00,INT_101,116,49.74
2025-02-11 06:00:00,INT_102,74,53.11
2025-02-11 06:00:00,INT_103,58,29.28
2025-02-11 06:00:00,INT_104,82,53.48
2025-02-11 07:00:00,INT_101,167,22.95
2025-02-11 07:00:00,INT_102,153,34.5
2025-02-11 07:00:00,INT_103,148,42.2
2025-02-11 07:00:00,INT_104,153,44.25
2025-02-11 08:00:00,INT_101,177,25.9
2025-02-11 08:00:00,INT_102,150,34.93
2025-02-11 08:00:00,INT_103,135,43.48
2025-02-11 08:00:00,INT_104,151,31.46
2025-02-11 09:00:00,INT_101,174,39.65
2025-02-11 09:00:00,INT_102,155,29.61
2025-02-11 09:00:00,INT_103,161,30.11
2025-02-11 09:00:00,INT_104,150,44.1
2025-02-11 10:00:00,INT_101,99,30.6
2025-02-11 10:00:00,INT_102,83,42.78
2025-02-11 10:00:00,INT_103,83,42.23
2025-02-11 10:00:00,INT_104,59,42.16
2025-02-11 11:00:00,INT_101,93,44.57
2025-02-11 11:00:00,INT_102,72,48.67
2025-02-11 11:00:00,INT_103,74,46.27
2025-02-11 11:00:00,INT_104,72,41.79
2025-02-11 12:00:00,INT_101,139,46.48
2025-02-11 12:00:00,INT_102,111,49.36
2025-02-11 12:00:00,INT_103,108,48.63
2025-02-11 12:00:00,INT_104,100,44.96
2025-02-11 13:00:00,INT_101,142,51.17
2025-02-11 13:00:00,INT_102,103,36.77
2025-02-11 13:00:00,INT_103,121,46.98
2025-02-11 13:00:00,INT_104,102,42.47
2025-02-11 14:00:00,INT_101,97,38.84
2025-02-11 14:00:00,INT_102,100,35.79
2025-02-11 14:00:00,INT_103,80,37.42
2025-02-11 14:00:00,INT_104,76,34.14
2025-02-11 15:00:00,INT_101,91,41.16
2025-02-11 15:00:00,INT_102,84,47.18
2025-02-11 15:00:00,INT_103,89,45.84
2025-02-11 15:00:00,INT_104,93,38.21
2025-02-11 16:00:00,INT_101,104,47.43
2025-02-11 16:00:00,INT_102,83,41.34
2025-02-11 16:00:00,INT_103,75,37.66
2025-02-11 16:00:00,INT_104,70,43.01
2025-02-11 17:00:00,INT_101,181,26.52
2025-02-11 17:00:00,INT_102,164,31.38
2025-02-11 17:00:00,INT_103,177,30.51
2025-02-11 17:00:00,INT_104,154,34.89
2025-02-11 18:00:00,INT_101,197,41.7
2025-02-11 18:00:00,INT_102,172,37.93
2025-02-11 18:00:00,INT_103,156,42.28
2025-02-11 18:00:00,INT_104,159,32.31
2025-02-11 19:00:00,INT_101,171,27.76
2025-02-11 19:00:00,INT_102,160,41.09
2025-02-11 19:00:00,INT_103,169,21.47
2025-02-11 19:00:00,INT_104,166,38.95
2025-02-11 20:00:00,INT_101,103,36.79
2025-02-11 20:00:00,INT_102,85,32.79
2025-02-11 20:00:00,INT_103,92,44.77
2025-02-11 20:00:00,INT_104,76,33.35
2025-02-11 21:00:00,INT_101,96,39.39
2025-02-11 21:00:00,INT_102,76,42.26
2025-02-11 21:00:00,INT_103,92,41.9
2025-02-11 21:00:00,INT_104,71,53.35
2025-02-11 22:00:00,INT_101,90,37.7
2025-02-11 22:00:00,INT_102,91,33.11
2025-02-11 22:00:00,INT_103,82,34.11
2025-02-11 22:00:00,INT_104,66,33.94
2025-02-11 23:00:00,INT_101,92,41.37
2025-02-11 23:00:00,INT_102,86,47.38
2025-02-11 23:00:00,INT_103,68,48.5
2025-02-11 23:00:00,INT_104,70,33.42
2025-02-12 00:00:00,INT_101,102,27.5
2025-02-12 00:00:00,INT_102,88,48.18
2025-02-12 00:00:00,INT_103,77,39.69
2025-02-12 00:00:00,INT_104,76,41.83
2025-02-12 01:00:00,INT_101,98,44.8
2025-02-12 01:00:00,INT_102,93,37.65
2025-02-12 01:00:00,INT_103,75,45.48
2025-02-12 01:00:00,INT_104,75,40.19
2025-02-12 02:00:00,INT_101,90,38.37
2025-02-12 02:00:00,INT_102,113,31.81
2025-02-12 02:00:00,INT_103,82,39.27
2025-02-12 02:00:00,INT_104,52,54.21
2025-02-12 03:00:00,INT_101,95,56.35
2025-02-12 03:00:00,INT_102,84,42.22
2025-02-12 03:00:00,INT_103,87,36.49
2025-02-12 03:00:00,INT_104,65,47.51
2025-02-12 04:00:00,INT_101,89,37.65
2025-02-12 04:00:00,INT_102,74,36.62
2025-02-12 04:00:00,INT_103,82,37.14
2025-02-12 04:00:00,INT_104,80,34.56
2025-02-12 05:00:00,INT_101,103,41.97
2025-02-12 05:00:00,INT_102,78,49.18
2025-02-12 05:00:00,INT_103,62,49.45
2025-02-12 05:00:00,INT_104,78,42.87
2025-02-12 06:00:00,INT_101,118,43.65
2025-02-12 06:00:00,INT_102,79,36.15
2025-02-12 06:00:00,INT_103,84,35.38
2025-02-12 06:00:00,INT_104,81,30.05
2025-02-12 07:00:00,INT_101,169,46.83
2025-02-12 07:00:00,INT_102,155,36.65
2025-02-12 07:00:00,INT_103,145,40.45
2025-02-12 07:00:00,INT_104,160,31.87
2025-02-12 08:00:00,INT_101,184,27.08
2025-02-12 08:00:00,INT_102,159,31.66
2025-02-12 08:00:00,INT_103,154,41.14
2025-02-12 08:00:00,INT_104,134,43.98
2025-02-12 09:00:00,INT_101,181,33.33
2025-02-12 09:00:00,INT_102,132,42.27
2025-02-12 09:00:00,INT_103,155,39.81
2025-02-12 09:00:00,INT_104,136,35.74
2025-02-12 10:00:00,INT_101,106,46.41
2025-02-12 10:00:00,INT_102,79,39.06
2025-02-12 10:00:00,INT_103,71,41.62
2025-02-12 10:00:00,INT_104,63,37.4
2025-02-12 11:00:00,INT_101,100,40.36
2025-02-12 11:00:00,INT_102,77,34.91
2025-02-12 11:00:00,INT_103,71,40.99
2025-02-12 11:00:00,INT_104,58,36.9
2025-02-12 12:00:00,INT_101,127,31.02
2025-02-12 12:00:00,INT_102,122,46.16
2025-02-12 12:00:00,INT_103,112,40.63
2025-02-12 12:00:00,INT_104,114,49.11
2025-02-12 13:00:00,INT_101,135,40.33
2025-02-12 13:00:00,INT_102,119,38.1
2025-02-12 13:00:00,INT_103,118,45.41
2025-02-12 13:00:00,INT_104,96,35.77
2025-02-12 14:00:00,INT_101,102,42.41
2025-02-12 14:00:00,INT_102,75,40.82
2025-02-12 14:00:00,INT_103,80,39.31
2025-02-12 14:00:00,INT_104,80,40.67
2025-02-12 15:00:00,INT_101,93,38.83
2025-02-12 15:00:00,INT_102,80,32.68
2025-02-12 15:00:00,INT_103,80,36.12
2025-02-12 15:00:00,INT_104,80,51.98
2025-02-12 16:00:00,INT_101,98,46.18
2025-02-12 16:00:00,INT_102,88,25.36
2025-02-12 16:00:00,INT_103,84,33.71
2025-02-12 16:00:00,INT_104,71,44.25
2025-02-12 17:00:00,INT_101,189,29.62
2025-02-12 17:00:00,INT_102,160,41.75
2025-02-12 17:00:00,INT_103,170,25.21
2025-02-12 17:00:00,INT_104,162,27.38
2025-02-12 18:00:00,INT_101,180,23.89
2025-02-12 18:00:00,INT_102,165,28.71
2025-02-12 18:00:00,INT_103,153,17.27
2025-02-12 18:00:00,INT_104,155,29.56
2025-02-12 19:00:00,INT_101,178,31.04
2025-02-12 19:00:00,INT_102,163,34.31
2025-02-12 19:00:00,INT_103,168,34.73
2025-02-12 19:00:00,INT_104,165,27.11
2025-02-12 20:00:00,INT_101,97,43.39
2025-02-12 20:00:00,INT_102,73,30.76
2025-02-12 20:00:00,INT_103,74,42.64
2025-02-12 20:00:00,INT_104,78,40.63
2025-02-12 21:00:00,INT_101,95,44.31
2025-02-12 21:00:00,INT_102,65,39.57
2025-02-12 21:00:00,INT_103,69,42.94
2025-02-12 21:00:00,INT_104,74,30.71
2025-02-12 22:00:00,INT_101,99,39.0
2025-02-12 22:00:00,INT_102,70,45.65
2025-02-12 22:00:00,INT_103,85,51.49
2025-02-12 22:00:00,INT_104,71,30.22
2025-02-12 23:00:00,INT_101,99,52.47
2025-02-12 23:00:00,INT_102,77,32.86
2025-02-12 23:00:00,INT_103,63,42.12
2025-02-12 23:00:00,INT_104,63,44.82
2025-02-13 00:00:00,INT_101,101,41.28
2025-02-13 00:00:00,INT_102,70,36.71
2025-02-13 00:00:00,INT_103,72,38.0
2025-02-13 00:00:00,INT_104,59,43.08
2025-02-13 01:00:00,INT_101,106,34.55
2025-02-13 01:00:00,INT_102,87,41.8
2025-02-13 01:00:00,INT_103,80,33.23
2025-02-13 01:00:00,INT_104,84,55.33
2025-02-13 02:00:00,INT_101,104,38.55
2025-02-13 02:00:00,INT_102,85,41.47
2025-02-13 02:00:00,INT_103,89,51.23
2025-02-13 02:00:00,INT_104,64,27.9
2025-02-13 03:00:00,INT_101,106,39.75
2025-02-13 03:00:00,INT_102,77,33.46
2025-02-13 03:00:00,INT_103,78,41.99
2025-02-13 03:00:00,INT_104,76,46.5
2025-02-13 04:00:00,INT_101,100,40.96
2025-02-13 04:00:00,INT_102,81,44.32
2025-02-13 04:00:00,INT_103,75,38.18
2025-02-13 04:00:00,INT_104,63,56.65
2025-02-13 05:00:00,INT_101,99,35.28
2025-02-13 05:00:00,INT_102,91,45.52
2025-02-13 05:00:00,INT_103,90,48.94
2025-02-13 05:00:00,INT_104,76,38.38
2025-02-13 06:00:00,INT_101,107,28.81
2025-02-13 06:00:00,INT_102,65,52.15
2025-02-13 06:00:00,INT_103,61,34.85
2025-02-13 06:00:00,INT_104,56,32.87
2025-02-13 07:00:00,INT_101,165,29.9
2025-02-13 07:00:00,INT_102,140,39.8
2025-02-13 07:00:00,INT_103,143,29.34
2025-02-13 07:00:00,INT_104,148,48.41
2025-02-13 08:00:00,INT_101,170,32.27
2025-02-13 08:00:00,INT_102,156,27.25
2025-02-13 08:00:00,INT_103,157,33.68
2025-02-13 08:00:00,INT_104,147,40.5
2025-02-13 09:00:00,INT_101,166,38.57
2025-02-13 09:00:00,INT_102,153,32.85
2025-02-13 09:00:00,INT_103,152,38.86
2025-02-13 09:00:00,INT_104,136,40.84
2025-02-13 10:00:00,INT_101,104,39.31
2025-02-13 10:00:00,INT_102,78,41.34
2025-02-13 10:00:00,INT_103,83,37.69
2025-02-13 10:00:00,INT_104,66,44.35
2025-02-13 11:00:00,INT_101,89,29.51
2025-02-13 11:00:00,INT_102,75,46.61
2025-02-13 11:00:00,INT_103,75,46.29
2025-02-13 11:00:00,INT_104,73,50.08
2025-02-13 12:00:00,INT_101,121,40.51
2025-02-13 12:00:00,INT_102,112,42.64
2025-02-13 12:00:00,INT_103,121,40.88
2025-02-13 12:00:00,INT_104,103,32.57
2025-02-13 13:00:00,INT_101,125,36.88
2025-02-13 13:00:00,INT_102,112,30.55
2025-02-13 13:00:00,INT_103,102,38.31
2025-02-13 13:00:00,INT_104,109,40.16
2025-02-13 14:00:00,INT_101,103,37.54
2025-02-13 14:00:00,INT_102,77,46.62
2025-02-13 14:00:00,INT_103,77,45.0
2025-02-13 14:00:00,INT_104,74,54.32
2025-02-13 15:00:00,INT_101,101,53.98
2025-02-13 15:00:00,INT_102,68,41.55
2025-02-13 15:00:00,INT_103,64,34.45
2025-02-13 15:00:00,INT_104,70,36.58
2025-02-13 16:00:00,INT_101,93,42.11
2025-02-13 16:00:00,INT_102,85,30.98
2025-02-13 16:00:00,INT_103,80,43.02
2025-02-13 16:00:00,INT_104,57,45.12
2025-02-13 17:00:00,INT_101,192,35.42
2025-02-13 17:00:00,INT_102,170,30.56
2025-02-13 17:00:00,INT_103,171,32.83
2025-02-13 17:00:00,INT_104,166,38.79
2025-02-13 18:00:00,INT_101,193,29.83
2025-02-13 18:00:00,INT_102,172,43.17
2025-02-13 18:00:00,INT_103,179,34.52
2025-02-13 18:00:00,INT_104,155,31.38
2025-02-13 19:00:00,INT_101,189,28.86
2025-02-13 19:00:00,INT_102,188,43.76
2025-02-13 19:00:00,INT_103,178,27.03
2025-02-13 19:00:00,INT_104,150,43.64
2025-02-13 20:00:00,INT_101,101,41.93
2025-02-13 20:00:00,INT_102,72,44.04
2025-02-13 20:00:00,INT_103,75,31.22
2025-02-13 20:00:00,INT_104,64,40.87
2025-02-13 21:00:00,INT_101,109,41.93
2025-02-13 21:00:00,INT_102,85,46.32
2025-02-13 21:00:00,INT_103,83,53.9
2025-02-13 21:00:00,INT_104,71,32.02
2025-02-13 22:00:00,INT_101,108,27.97
2025-02-13 22:00:00,INT_102,79,25.51
2025-02-13 22:00:00,INT_103,66,39.25
2025-02-13 22:00:00,INT_104,58,35.16
2025-02-13 23:00:00,INT_101,91,49.57
2025-02-13 23:00:00,INT_102,75,35.12
2025-02-13 23:00:00,INT_103,68,53.88
2025-02-13 23:00:00,INT_104,78,41.44
2025-02-14 00:00:00,INT_101,107,42.22
2025-02-14 00:00:00,INT_102,78,39.27
2025-02-14 00:00:00,INT_103,83,49.34
2025-02-14 00:00:00,INT_104,72,43.18
2025-02-14 01:00:00,INT_101,100,52.04
2025-02-14 01:00:00,INT_102,92,36.93
2025-02-14 01:00:00,INT_103,94,50.97
2025-02-14 01:00:00,INT_104,63,43.77
2025-02-14 02:00:00,INT_101,96,42.4
2025-02-14 02:00:00,INT_102,70,35.76
2025-02-14 02:00:00,INT_103,87,44.25
2025-02-14 02:00:00,INT_104,66,45.19
2025-02-14 03:00:00,INT_101,105,40.23
2025-02-14 03:00:00,INT_102,80,45.41
2025-02-14 03:00:00,INT_103,91,41.77
2025-02-14 03:00:00,INT_104,86,38.97
2025-02-14 04:00:00,INT_101,104,42.81
2025-02-14 04:00:00,INT_102,83,43.41
2025-02-14 04:00:00,INT_103,77,40.29
2025-02-14 04:00:00,INT_104,55,45.79
2025-02-14 05:00:00,INT_101,89,32.89
2025-02-14 05:00:00,INT_102,81,44.06
2025-02-14 05:00:00,INT_103,82,40.52
2025-02-14 05:00:00,INT_104,63,38.37
2025-02-14 06:00:00,INT_101,95,54.67
2025-02-14 06:00:00,INT_102,91,47.69
2025-02-14 06:00:00,INT_103,85,41.43
2025-02-14 06:00:00,INT_104,76,39.02
2025-02-14 07:00:00,INT_101,160,44.61
2025-02-14 07:00:00,INT_102,155,33.82
2025-02-14 07:00:00,INT_103,150,48.3
2025-02-14 07:00:00,INT_104,142,48.4
2025-02-14 08:00:00,INT_101,190,26.35
2025-02-14 08:00:00,INT_102,153,43.99
2025-02-14 08:00:00,INT_103,168,25.86
2025-02-14 08:00:00,INT_104,157,32.29
2025-02-14 09:00:00,INT_101,161,32.07
2025-02-14 09:00:00,INT_102,149,43.75
2025-02-14 09:00:00,INT_103,167,25.4
2025-02-14 09:00:00,INT_104,150,46.66
2025-02-14 10:00:00,INT_101,113,39.84
2025-02-14 10:00:00,INT_102,60,49.5
2025-02-14 10:00:00,INT_103,72,30.06
2025-02-14 10:00:00,INT_104,67,42.31
2025-02-14 11:00:00,INT_101,97,41.75
2025-02-14 11:00:00,INT_102,80,41.66
2025-02-14 11:00:00,INT_103,79,44.72
2025-02-14 11:00:00,INT_104,64,41.15
2025-02-14 12:00:00,INT_101,145,50.14
2025-02-14 12:00:00,INT_102,120,45.04
2025-02-14 12:00:00,INT_103,125,45.46
2025-02-14 12:00:00,INT_104,86,40.26
2025-02-14 13:00:00,INT_101,121,39.03
2025-02-14 13:00:00,INT_102,112,45.19
2025-02-14 13:00:00,INT_103,103,46.27
2025-02-14 13:00:00,INT_104,105,32.94
2025-02-14 14:00:00,INT_101,95,43.31
2025-02-14 14:00:00,INT_102,74,29.68
2025-02-14 14:00:00,INT_103,81,43.32
2025-02-14 14:00:00,INT_104,70,35.03
2025-02-14 15:00:00,INT_101,89,36.12
2025-02-14 15:00:00,INT_102,64,39.66
2025-02-14 15:00:00,INT_103,73,45.94
2025-02-14 15:00:00,INT_104,69,39.13
2025-02-14 16:00:00,INT_101,106,33.68
2025-02-14 16:00:00,INT_102,91,47.35
2025-02-14 16:00:00,INT_103,76,51.46
2025-02-14 16:00:00,INT_104,54,35.95
2025-02-14 17:00:00,INT_101,182,37.92
2025-02-14 17:00:00,INT_102,170,35.73
2025-02-14 17:00:00,INT_103,168,34.11
2025-02-14 17:00:00,INT_104,144,39.04
2025-02-14 18:00:00,INT_101,185,34.72
2025-02-14 18:00:00,INT_102,168,40.37
2025-02-14 18:00:00,INT_103,144,46.07
2025-02-14 18:00:00,INT_104,160,29.56
2025-02-14 19:00:00,INT_101,192,37.81
2025-02-14 19:00:00,INT_102,163,32.11
2025-02-14 19:00:00,INT_103,167,33.28
2025-02-14 19:00:00,INT_104,171,35.36
2025-02-14 20:00:00,INT_101,106,40.74
2025-02-14 20:00:00,INT_102,71,34.7
2025-02-14 20:00:00,INT_103,78,45.06
2025-02-14 20:00:00,INT_104,95,36.82
2025-02-14 21:00:00,INT_101,94,47.86
2025-02-14 21:00:00,INT_102,85,35.9
2025-02-14 21:00:00,INT_103,83,41.45
2025-02-14 21:00:00,INT_104,69,46.47
2025-02-14 22:00:00,INT_101,104,53.07
2025-02-14 22:00:00,INT_102,75,41.23
2025-02-14 22:00:00,INT_103,65,35.81
2025-02-14 22:00:00,INT_104,54,35.61
2025-02-14 23:00:00,INT_101,102,29.09
2025-02-14 23:00:00,INT_102,86,46.02
2025-02-14 23:00:00,INT_103,76,34.81
2025-02-14 23:00:00,INT_104,72,42.17
2025-02-15 00:00:00,INT_101,97,36.38
2025-02-15 00:00:00,INT_102,78,34.0
2025-02-15 00:00:00,INT_103,89,40.01
2025-02-15 00:00:00,INT_104,89,38.61
2025-02-15 01:00:00,INT_101,95,38.9
2025-02-15 01:00:00,INT_102,82,42.55
2025-02-15 01:00:00,INT_103,66,37.87
2025-02-15 01:00:00,INT_104,74,34.46
2025-02-15 02:00:00,INT_101,102,43.88
2025-02-15 02:00:00,INT_102,72,40.95
2025-02-15 02:00:00,INT_103,81,50.97
2025-02-15 02:00:00,INT_104,63,33.34
2025-02-15 03:00:00,INT_101,105,47.85
2025-02-15 03:00:00,INT_102,84,33.04
2025-02-15 03:00:00,INT_103,84,42.55
2025-02-15 03:00:00,INT_104,77,32.15
2025-02-15 04:00:00,INT_101,93,35.23
2025-02-15 04:00:00,INT_102,72,29.92
2025-02-15 04:00:00,INT_103,80,29.35
2025-02-15 04:00:00,INT_104,59,33.79
2025-02-15 05:00:00,INT_101,88,48.68
2025-02-15 05:00:00,INT_102,75,38.2
2025-02-15 05:00:00,INT_103,79,37.09
2025-02-15 05:00:00,INT_104,63,35.66
2025-02-15 06:00:00,INT_101,110,38.85
2025-02-15 06:00:00,INT_102,79,39.6
2025-02-15 06:00:00,INT_103,78,53.39
2025-02-15 06:00:00,INT_104,75,32.68
2025-02-15 07:00:00,INT_101,160,28.22
2025-02-15 07:00:00,INT_102,154,31.91
2025-02-15 07:00:00,INT_103,156,39.36
2025-02-15 07:00:00,INT_104,140,35.74
2025-02-15 08:00:00,INT_101,173,40.12
2025-02-15 08:00:00,INT_102,152,39.32
2025-02-15 08:00:00,INT_103,144,49.42
2025-02-15 08:00:00,INT_104,147,45.13
2025-02-15 09:00:00,INT_101,163,31.89
2025-02-15 09:00:00,INT_102,165,39.45
2025-02-15 09:00:00,INT_103,150,38.56
2025-02-15 09:00:00,INT_104,139,37.16
2025-02-15 10:00:00,INT_101,82,43.17
2025-02-15 10:00:00,INT_102,88,39.19
2025-02-15 10:00:00,INT_103,73,40.91
2025-02-15 10:00:00,INT_104,64,39.35
2025-02-15 11:00:00,INT_101,92,38.18
2025-02-15 11:00:00,INT_102,73,41.69
2025-02-15 11:00:00,INT_103,82,36.72
2025-02-15 11:00:00,INT_104,68,35.35
2025-02-15 12:00:00,INT_101,128,42.23
2025-02-15 12:00:00,INT_102,104,30.19
2025-02-15 12:00:00,INT_103,100,38.34
2025-02-15 12:00:00,INT_104,97,49.58
2025-02-15 13:00:00,INT_101,144,42.6
2025-02-15 13:00:00,INT_102,103,37.24
2025-02-15 13:00:00,INT_103,120,45.89
2025-02-15 13:00:00,INT_104,109,36.01
2025-02-15 14:00:00,INT_101,103,34.88
2025-02-15 14:00:00,INT_102,58,43.12
2025-02-15 14:00:00,INT_103,98,38.96
2025-02-15 14:00:00,INT_104,61,32.09
2025-02-15 15:00:00,INT_101,107,23.22
2025-02-15 15:00:00,INT_102,84,34.82
2025-02-15 15:00:00,INT_103,97,36.26
2025-02-15 15:00:00,INT_104,73,32.62
2025-02-15 16:00:00,INT_101,94,43.51
2025-02-15 16:00:00,INT_102,79,37.47
2025-02-15 16:00:00,INT_103,60,48.41
2025-02-15 16:00:00,INT_104,69,41.91
2025-02-15 17:00:00,INT_101,183,37.42
2025-02-15 17:00:00,INT_102,171,44.33
2025-02-15 17:00:00,INT_103,173,27.32
2025-02-15 17:00:00,INT_104,143,39.25
2025-02-15 18:00:00,INT_101,185,42.05
2025-02-15 18:00:00,INT_102,158,31.02
2025-02-15 18:00:00,INT_103,172,21.83
2025-02-15 18:00:00,INT_104,169,25.72
2025-02-15 19:00:00,INT_101,182,25.52
2025-02-15 19:00:00,INT_102,167,24.98
2025-02-15 19:00:00,INT_103,171,25.75
2025-02-15 19:00:00,INT_104,151,30.16
2025-02-15 20:00:00,INT_101,91,40.45
2025-02-15 20:00:00,INT_102,72,58.43
2025-02-15 20:00:00,INT_103,80,35.82
2025-02-15 20:00:00,INT_104,72,41.12
2025-02-15 21:00:00,INT_101,98,46.46
2025-02-15 21:00:00,INT_102,82,34.07
2025-02-15 21:00:00,INT_103,80,43.06
2025-02-15 21:00:00,INT_104,65,41.9
2025-02-15 22:00:00,INT_101,97,47.23
2025-02-15 22:00:00,INT_102,87,43.11
2025-02-15 22:00:00,INT_103,93,43.4
2025-02-15 22:00:00,INT_104,71,46.53
2025-02-15 23:00:00,INT_101,100,53.1
2025-02-15 23:00:00,INT_102,79,40.06
2025-02-15 23:00:00,INT_103,78,45.61
2025-02-15 23:00:00,INT_104,66,33.96
2025-02-16 00:00:00,INT_101,88,43.32
2025-02-16 00:00:00,INT_102,87,40.93
2025-02-16 00:00:00,INT_103,66,48.69
2025-02-16 00:00:00,INT_104,63,38.05
2025-02-16 01:00:00,INT_101,111,43.1
2025-02-16 01:00:00,INT_102,69,41.65
2025-02-16 01:00:00,INT_103,80,39.05
2025-02-16 01:00:00,INT_104,74,39.73
2025-02-16 02:00:00,INT_101,95,47.85
2025-02-16 02:00:00,INT_102,80,36.91
2025-02-16 02:00:00,INT_103,100,42.0
2025-02-16 02:00:00,INT_104,83,48.3
2025-02-16 03:00:00,INT_101,100,30.04
2025-02-16 03:00:00,INT_102,83,25.17
2025-02-16 03:00:00,INT_103,70,31.53
2025-02-16 03:00:00,INT_104,66,36.71
2025-02-16 04:00:00,INT_101,104,45.83
2025-02-16 04:00:00,INT_102,84,36.6
2025-02-16 04:00:00,INT_103,80,50.44
2025-02-16 04:00:00,INT_104,74,41.44
2025-02-16 05:00:00,INT_101,111,42.01
2025-02-16 05:00:00,INT_102,88,52.6
2025-02-16 05:00:00,INT_103,76,36.8
2025-02-16 05:00:00,INT_104,77,29.98
2025-02-16 06:00:00,INT_101,93,44.84
2025-02-16 06:00:00,INT_102,77,53.62
2025-02-16 06:00:00,INT_103,86,45.23
2025-02-16 06:00:00,INT_104,59,39.55
2025-02-16 07:00:00,INT_101,172,40.85
2025-02-16 07:00:00,INT_102,160,32.3
2025-02-16 07:00:00,INT_103,135,44.86
2025-02-16 07:00:00,INT_104,139,38.4
2025-02-16 08:00:00,INT_101,164,39.24
2025-02-16 08:00:00,INT_102,153,27.95
2025-02-16 08:00:00,INT_103,166,32.11
2025-02-16 08:00:00,INT_104,137,48.86
2025-02-16 09:00:00,INT_101,170,33.88
2025-02-16 09:00:00,INT_102,169,41.04
2025-02-16 09:00:00,INT_103,155,37.09
2025-02-16 09:00:00,INT_104,128,46.65
2025-02-16 10:00:00,INT_101,90,45.0
2025-02-16 10:00:00,INT_102,93,42.55
2025-02-16 10:00:00,INT_103,100,44.18
2025-02-16 10:00:00,INT_104,82,48.78
2025-02-16 11:00:00,INT_101,97,41.79
2025-02-16 11:00:00,INT_102,69,46.02
2025-02-16 11:00:00,INT_103,96,52.47
2025-02-16 11:00:00,INT_104,65,38.38
2025-02-16 12:00:00,INT_101,131,43.58
2025-02-16 12:00:00,INT_102,107,36.91
2025-02-16 12:00:00,INT_103,114,40.57
2025-02-16 12:00:00,INT_104,96,41.62
2025-02-16 13:00:00,INT_101,131,40.8
2025-02-16 13:00:00,INT_102,108,39.89
2025-02-16 13:00:00,INT_103,87,30.27
2025-02-16 13:00:00,INT_104,84,43.47
2025-02-16 14:00:00,INT_101,103,42.28
2025-02-16 14:00:00,INT_102,101,44.56
2025-02-16 14:00:00,INT_103,78,38.82
2025-02-16 14:00:00,INT_104,76,35.3
2025-02-16 15:00:00,INT_101,94,45.94
2025-02-16 15:00:00,INT_102,94,39.81
2025-02-16 15:00:00,INT_103,89,39.32
2025-02-16 15:00:00,INT_104,60,42.81
2025-02-16 16:00:00,INT_101,100,33.39
2025-02-16 16:00:00,INT_102,90,42.87
2025-02-16 16:00:00,INT_103,84,44.91
2025-02-16 16:00:00,INT_104,74,49.46
2025-02-16 17:00:00,INT_101,193,41.13
2025-02-16 17:00:00,INT_102,173,35.07
2025-02-16 17:00:00,INT_103,159,29.08
2025-02-16 17:00:00,INT_104,158,32.84
2025-02-16 18:00:00,INT_101,184,27.32
2025-02-16 18:00:00,INT_102,161,40.11
2025-02-16 18:00:00,INT_103,182,23.83
2025-02-16 18:00:00,INT_104,156,35.38
2025-02-16 19:00:00,INT_101,184,25.17
2025-02-16 19:00:00,INT_102,163,37.0
2025-02-16 19:00:00,INT_103,164,29.27
2025-02-16 19:00:00,INT_104,156,38.96
2025-02-16 20:00:00,INT_101,93,38.96
2025-02-16 20:00:00,INT_102,67,47.15
2025-02-16 20:00:00,INT_103,79,29.02
2025-02-16 20:00:00,INT_104,69,42.79
2025-02-16 21:00:00,INT_101,95,37.5
2025-02-16 21:00:00,INT_102,77,39.61
2025-02-16 21:00:00,INT_103,69,40.2
2025-02-16 21:00:00,INT_104,72,42.82
2025-02-16 22:00:00,INT_101,98,33.99
2025-02-16 22:00:00,INT_102,73,46.85
2025-02-16 22:00:00,INT_103,79,40.0
2025-02-16 22:00:00,INT_104,75,30.68
2025-02-16 23:00:00,INT_101,99,44.27
2025-02-16 23:00:00,INT_102,78,40.79
2025-02-16 23:00:00,INT_103,74,38.34
2025-02-16 23:00:00,INT_104,72,47.33
2025-02-17 00:00:00,INT_101,105,51.56
2025-02-17 00:00:00,INT_102,79,40.19
2025-02-17 00:00:00,INT_103,93,46.15
2025-02-17 00:00:00,INT_104,62,49.67
2025-02-17 01:00:00,INT_101,90,41.57
2025-02-17 01:00:00,INT_102,78,40.9
2025-02-17 01:00:00,INT_103,85,44.4
2025-02-17 01:00:00,INT_104,52,36.62
2025-02-17 02:00:00,INT_101,95,32.41
2025-02-17 02:00:00,INT_102,93,44.73
2025-02-17 02:00:00,INT_103,89,43.66
2025-02-17 02:00:00,INT_104,69,48.28
2025-02-17 03:00:00,INT_101,120,56.28
2025-02-17 03:00:00,INT_102,76,39.47
2025-02-17 03:00:00,INT_103,97,42.39
2025-02-17 03:00:00,INT_104,66,44.87
2025-02-17 04:00:00,INT_101,86,38.25
2025-02-17 04:00:00,INT_102,81,38.42
2025-02-17 04:00:00,INT_103,79,39.14
2025-02-17 04:00:00,INT_104,72,41.23
2025-02-17 05:00:00,INT_101,92,30.0
2025-02-17 05:00:00,INT_102,68,48.21
2025-02-17 05:00:00,INT_103,89,37.05
2025-02-17 05:00:00,INT_104,72,50.86
2025-02-17 06:00:00,INT_101,107,37.42
2025-02-17 06:00:00,INT_102,81,40.62
2025-02-17 06:00:00,INT_103,80,39.52
2025-02-17 06:00:00,INT_104,78,46.84
2025-02-17 07:00:00,INT_101,197,32.74
2025-02-17 07:00:00,INT_102,159,35.74
2025-02-17 07:00:00,INT_103,149,32.23
2025-02-17 07:00:00,INT_104,145,42.11
2025-02-17 08:00:00,INT_101,167,28.18
2025-02-17 08:00:00,INT_102,144,45.74
2025-02-17 08:00:00,INT_103,170,27.08
2025-02-17 08:00:00,INT_104,136,40.99
2025-02-17 09:00:00,INT_101,179,31.65
2025-02-17 09:00:00,INT_102,144,32.85
2025-02-17 09:00:00,INT_103,154,44.72
2025-02-17 09:00:00,INT_104,127,34.01
2025-02-17 10:00:00,INT_101,100,45.01
2025-02-17 10:00:00,INT_102,71,32.16
2025-02-17 10:00:00,INT_103,78,45.65
2025-02-17 10:00:00,INT_104,69,31.95
2025-02-17 11:00:00,INT_101,90,51.24
2025-02-17 11:00:00,INT_102,92,37.2
2025-02-17 11:00:00,INT_103,78,37.44
2025-02-17 11:00:00,INT_104,48,25.9
2025-02-17 12:00:00,INT_101,116,46.95
2025-02-17 12:00:00,INT_102,101,40.01
2025-02-17 12:00:00,INT_103,107,33.88
2025-02-17 12:00:00,INT_104,101,42.99
2025-02-17 13:00:00,INT_101,123,33.33
2025-02-17 13:00:00,INT_102,126,50.46
2025-02-17 13:00:00,INT_103,106,50.35
2025-02-17 13:00:00,INT_104,101,50.38
2025-02-17 14:00:00,INT_101,113,45.66
2025-02-17 14:00:00,INT_102,82,29.03
2025-02-17 14:00:00,INT_103,94,39.63
2025-02-17 14:00:00,INT_104,73,41.82
2025-02-17 15:00:00,INT_101,109,47.85
2025-02-17 15:00:00,INT_102,70,38.46
2025-02-17 15:00:00,INT_103,81,39.6
2025-02-17 15:00:00,INT_104,63,58.41
2025-02-17 16:00:00,INT_101,104,35.42
2025-02-17 16:00:00,INT_102,66,44.65
2025-02-17 16:00:00,INT_103,68,42.53
2025-02-17 16:00:00,INT_104,75,39.91
2025-02-17 17:00:00,INT_101,192,36.72
2025-02-17 17:00:00,INT_102,178,36.15
2025-02-17 17:00:00,INT_103,180,34.16
2025-02-17 17:00:00,INT_104,160,27.3
2025-02-17 18:00:00,INT_101,176,32.54
2025-02-17 18:00:00,INT_102,168,39.33
2025-02-17 18:00:00,INT_103,167,25.13
2025-02-17 18:00:00,INT_104,155,43.08
2025-02-17 19:00:00,INT_101,191,30.81
2025-02-17 19:00:00,INT_102,181,27.21
2025-02-17 19:00:00,INT_103,167,27.65
2025-02-17 19:00:00,INT_104,152,37.45
2025-02-17 20:00:00,INT_101,104,50.86
2025-02-17 20:00:00,INT_102,70,49.06
2025-02-17 20:00:00,INT_103,80,28.37
2025-02-17 20:00:00,INT_104,68,30.32
2025-02-17 21:00:00,INT_101,91,53.09
2025-02-17 21:00:00,INT_102,89,41.38
2025-02-17 21:00:00,INT_103,83,48.98
2025-02-17 21:00:00,INT_104,66,41.13
2025-02-17 22:00:00,INT_101,87,26.56
2025-02-17 22:00:00,INT_102,97,40.5
2025-02-17 22:00:00,INT_103,88,38.23
2025-02-17 22:00:00,INT_104,70,52.35
2025-02-17 23:00:00,INT_101,103,44.68
2025-02-17 23:00:00,INT_102,89,43.15
2025-02-17 23:00:00,INT_103,72,46.34
2025-02-17 23:00:00,INT_104,54,38.0
2025-02-18 00:00:00,INT_101,110,45.52
2025-02-18 00:00:00,INT_102,83,38.76
2025-02-18 00:00:00,INT_103,83,40.18
2025-02-18 00:00:00,INT_104,57,42.75
2025-02-18 01:00:00,INT_101,106,43.31
2025-02-18 01:00:00,INT_102,82,50.19
2025-02-18 01:00:00,INT_103,85,39.71
2025-02-18 01:00:00,INT_104,83,34.64
2025-02-18 02:00:00,INT_101,104,54.03
2025-02-18 02:00:00,INT_102,70,40.26
2025-02-18 02:00:00,INT_103,73,34.6
2025-02-18 02:00:00,INT_104,73,37.05
2025-02-18 03:00:00,INT_101,87,42.17
2025-02-18 03:00:00,INT_102,81,32.04
2025-02-18 03:00:00,INT_103,78,43.12
2025-02-18 03:00:00,INT_104,66,35.98
2025-02-18 04:00:00,INT_101,103,40.39
2025-02-18 04:00:00,INT_102,78,46.56
2025-02-18 04:00:00,INT_103,78,31.95
2025-02-18 04:00:00,INT_104,73,45.38
2025-02-18 05:00:00,INT_101,103,42.24
2025-02-18 05:00:00,INT_102,92,37.95
2025-02-18 05:00:00,INT_103,79,38.47
2025-02-18 05:00:00,INT_104,85,37.99
2025-02-18 06:00:00,INT_101,91,39.22
2025-02-18 06:00:00,INT_102,76,50.15
2025-02-18 06:00:00,INT_103,63,47.54
2025-02-18 06:00:00,INT_104,71,45.43
2025-02-18 07:00:00,INT_101,168,30.17
2025-02-18 07:00:00,INT_102,148,42.54
2025-02-18 07:00:00,INT_103,155,31.73
2025-02-18 07:00:00,INT_104,149,44.63
2025-02-18 08:00:00,INT_101,176,39.65
2025-02-18 08:00:00,INT_102,157,20.62
2025-02-18 08:00:00,INT_103,162,43.0
2025-02-18 08:00:00,INT_104,139,41.06
2025-02-18 09:00:00,INT_101,172,34.54
2025-02-18 09:00:00,INT_102,160,35.35
2025-02-18 09:00:00,INT_103,128,50.68
2025-02-18 09:00:00,INT_104,148,29.07
2025-02-18 10:00:00,INT_101,104,53.77
2025-02-18 10:00:00,INT_102,87,38.26
2025-02-18 10:00:00,INT_103,81,38.07
2025-02-18 10:00:00,INT_104,67,41.83
2025-02-18 11:00:00,INT_101,83,45.55
2025-02-18 11:00:00,INT_102,68,51.34
2025-02-18 11:00:00,INT_103,84,39.58
2025-02-18 11:00:00,INT_104,70,34.91
2025-02-18 12:00:00,INT_101,133,44.58
2025-02-18 12:00:00,INT_102,103,41.26
2025-02-18 12:00:00,INT_103,107,49.09
2025-02-18 12:00:00,INT_104,104,33.24
2025-02-18 13:00:00,INT_101,125,46.69
2025-02-18 13:00:00,INT_102,111,47.17
2025-02-18 13:00:00,INT_103,103,40.61
2025-02-18 13:00:00,INT_104,82,41.65
2025-02-18 14:00:00,INT_101,96,28.55
2025-02-18 14:00:00,INT_102,95,38.91
2025-02-18 14:00:00,INT_103,84,37.45
2025-02-18 14:00:00,INT_104,68,31.76
2025-02-18 15:00:00,INT_101,109,47.21
2025-02-18 15:00:00,INT_102,74,36.66
2025-02-18 15:00:00,INT_103,90,44.29
2025-02-18 15:00:00,INT_104,76,56.83
2025-02-18 16:00:00,INT_101,72,52.65
2025-02-18 16:00:00,INT_102,89,38.52
2025-02-18 16:00:00,INT_103,78,45.87
2025-02-18 16:00:00,INT_104,61,31.2
2025-02-18 17:00:00,INT_101,198,42.27
2025-02-18 17:00:00,INT_102,180,32.43
2025-02-18 17:00:00,INT_103,166,37.79
2025-02-18 17:00:00,INT_104,158,26.9
2025-02-18 18:00:00,INT_101,182,47.02
2025-02-18 18:00:00,INT_102,167,28.58
2025-02-18 18:00:00,INT_103,178,28.87
2025-02-18 18:00:00,INT_104,164,32.76
2025-02-18 19:00:00,INT_101,204,36.43
2025-02-18 19:00:00,INT_102,173,34.03
2025-02-18 19:00:00,INT_103,177,33.38
2025-02-18 19:00:00,INT_104,146,44.72
2025-02-18 20:00:00,INT_101,110,40.24
2025-02-18 20:00:00,INT_102,83,50.25
2025-02-18 20:00:00,INT_103,97,50.16
2025-02-18 20:00:00,INT_104,67,34.54
2025-02-18 21:00:00,INT_101,99,43.67
2025-02-18 21:00:00,INT_102,76,44.94
2025-02-18 21:00:00,INT_103,79,52.62
2025-02-18 21:00:00,INT_104,80,40.71
2025-02-18 22:00:00,INT_101,94,44.84
2025-02-18 22:00:00,INT_102,74,44.29
2025-02-18 22:00:00,INT_103,99,35.11
2025-02-18 22:00:00,INT_104,69,44.47
2025-02-18 23:00:00,INT_101,101,41.55
2025-02-18 23:00:00,INT_102,89,39.89
2025-02-18 23:00:00,INT_103,67,51.14
2025-02-18 23:00:00,INT_104,68,34.48
2025-02-19 00:00:00,INT_101,101,33.14
2025-02-19 00:00:00,INT_102,91,39.85
2025-02-19 00:00:00,INT_103,66,51.71
2025-02-19 00:00:00,INT_104,67,35.51
2025-02-19 01:00:00,INT_101,114,42.77
2025-02-19 01:00:00,INT_102,75,37.49
2025-02-19 01:00:00,INT_103,90,46.16
2025-02-19 01:00:00,INT_104,63,41.29
2025-02-19 02:00:00,INT_101,102,43.57
2025-02-19 02:00:00,INT_102,76,42.31
2025-02-19 02:00:00,INT_103,73,33.06
2025-02-19 02:00:00,INT_104,68,32.97
2025-02-19 03:00:00,INT_101,109,51.73
2025-02-19 03:00:00,INT_102,96,40.09
2025-02-19 03:00:00,INT_103,86,36.56
2025-02-19 03:00:00,INT_104,66,39.87
2025-02-19 04:00:00,INT_101,110,41.94
2025-02-19 04:00:00,INT_102,99,39.8
2025-02-19 04:00:00,INT_103,87,42.71
2025-02-19 04:00:00,INT_104,63,45.57
2025-02-19 05:00:00,INT_101,91,36.89
2025-02-19 05:00:00,INT_102,75,37.8
2025-02-19 05:00:00,INT_103,78,53.33
2025-02-19 05:00:00,INT_104,86,42.59
2025-02-19 06:00:00,INT_101,109,30.47
2025-02-19 06:00:00,INT_102,83,37.88
2025-02-19 06:00:00,INT_103,85,35.26
2025-02-19 06:00:00,INT_104,79,43.41
2025-02-19 07:00:00,INT_101,181,37.68
2025-02-19 07:00:00,INT_102,146,45.19
2025-02-19 07:00:00,INT_103,160,29.65
2025-02-19 07:00:00,INT_104,131,44.73
2025-02-19 08:00:00,INT_101,185,24.51
2025-02-19 08:00:00,INT_102,161,32.68
2025-02-19 08:00:00,INT_103,144,42.51
2025-02-19 08:00:00,INT_104,156,32.91
2025-02-19 09:00:00,INT_101,159,42.69
2025-02-19 09:00:00,INT_102,147,52.87
2025-02-19 09:00:00,INT_103,156,21.66
2025-02-19 09:00:00,INT_104,142,40.76
2025-02-19 10:00:00,INT_101,98,34.41
2025-02-19 10:00:00,INT_102,69,48.25
2025-02-19 10:00:00,INT_103,80,33.06
2025-02-19 10:00:00,INT_104,55,44.36
2025-02-19 11:00:00,INT_101,92,35.74
2025-02-19 11:00:00,INT_102,74,37.04
2025-02-19 11:00:00,INT_103,69,40.09
2025-02-19 11:00:00,INT_104,62,44.73
2025-02-19 12:00:00,INT_101,126,38.81
2025-02-19 12:00:00,INT_102,106,37.88
2025-02-19 12:00:00,INT_103,101,49.09
2025-02-19 12:00:00,INT_104,122,40.94
2025-02-19 13:00:00,INT_101,133,44.51
2025-02-19 13:00:00,INT_102,100,36.65
2025-02-19 13:00:00,INT_103,116,51.5
2025-02-19 13:00:00,INT_104,101,35.47
2025-02-19 14:00:00,INT_101,96,33.08
2025-02-19 14:00:00,INT_102,73,41.13
2025-02-19 14:00:00,INT_103,79,42.01
2025-02-19 14:00:00,INT_104,68,35.12
2025-02-19 15:00:00,INT_101,96,32.78
2025-02-19 15:00:00,INT_102,79,40.06
2025-02-19 15:00:00,INT_103,75,48.25
2025-02-19 15:00:00,INT_104,75,50.77
2025-02-19 16:00:00,INT_101,100,45.64
2025-02-19 16:00:00,INT_102,86,35.76
2025-02-19 16:00:00,INT_103,77,35.45
2025-02-19 16:00:00,INT_104,81,42.23
2025-02-19 17:00:00,INT_101,193,31.0
2025-02-19 17:00:00,INT_102,161,23.95
2025-02-19 17:00:00,INT_103,171,32.21
2025-02-19 17:00:00,INT_104,173,32.33
2025-02-19 18:00:00,INT_101,174,45.05
2025-02-19 18:00:00,INT_102,176,26.77
2025-02-19 18:00:00,INT_103,175,35.16
2025-02-19 18:00:00,INT_104,157,40.22
2025-02-19 19:00:00,INT_101,187,35.18
2025-02-19 19:00:00,INT_102,178,44.05
2025-02-19 19:00:00,INT_103,172,35.36
2025-02-19 19:00:00,INT_104,159,35.28
2025-02-19 20:00:00,INT_101,99,43.64
2025-02-19 20:00:00,INT_102,85,29.18
2025-02-19 20:00:00,INT_103,73,40.68
2025-02-19 20:00:00,INT_104,67,40.54
2025-02-19 21:00:00,INT_101,100,46.48
2025-02-19 21:00:00,INT_102,85,44.45
2025-02-19 21:00:00,INT_103,72,49.31
2025-02-19 21:00:00,INT_104,68,43.81
2025-02-19 22:00:00,INT_101,95,40.58
2025-02-19 22:00:00,INT_102,81,40.29
2025-02-19 22:00:00,INT_103,93,43.73
2025-02-19 22:00:00,INT_104,67,36.77
2025-02-19 23:00:00,INT_101,121,51.23
2025-02-19 23:00:00,INT_102,84,36.82
2025-02-19 23:00:00,INT_103,93,35.05
2025-02-19 23:00:00,INT_104,52,43.88
2025-02-20 00:00:00,INT_101,81,36.22
2025-02-20 00:00:00,INT_102,82,46.17
2025-02-20 00:00:00,INT_103,81,39.02
2025-02-20 00:00:00,INT_104,82,43.31
2025-02-20 01:00:00,INT_101,89,47.6
2025-02-20 01:00:00,INT_102,72,41.34
2025-02-20 01:00:00,INT_103,83,43.83
2025-02-20 01:00:00,INT_104,63,54.36
2025-02-20 02:00:00,INT_101,97,39.59
2025-02-20 02:00:00,INT_102,79,31.55
2025-02-20 02:00:00,INT_103,96,36.26
2025-02-20 02:00:00,INT_104,65,43.19
2025-02-20 03:00:00,INT_101,90,34.88
2025-02-20 03:00:00,INT_102,80,35.33
2025-02-20 03:00:00,INT_103,91,50.98
2025-02-20 03:00:00,INT_104,68,39.77
2025-02-20 04:00:00,INT_101,101,38.63
2025-02-20 04:00:00,INT_102,72,38.71
2025-02-20 04:00:00,INT_103,86,39.71
2025-02-20 04:00:00,INT_104,56,36.81
2025-02-20 05:00:00,INT_101,84,50.03
2025-02-20 05:00:00,INT_102,69,46.24
2025-02-20 05:00:00,INT_103,86,47.81
2025-02-20 05:00:00,INT_104,63,43.94
2025-02-20 06:00:00,INT_101,92,48.02
2025-02-20 06:00:00,INT_102,87,25.43
2025-02-20 06:00:00,INT_103,82,40.01
2025-02-20 06:00:00,INT_104,64,27.47
2025-02-20 07:00:00,INT_101,179,30.39
2025-02-20 07:00:00,INT_102,143,27.72
2025-02-20 07:00:00,INT_103,160,29.84
2025-02-20 07:00:00,INT_104,146,38.34
2025-02-20 08:00:00,INT_101,160,33.9
2025-02-20 08:00:00,INT_102,165,28.62
2025-02-20 08:00:00,INT_103,128,46.18
2025-02-20 08:00:00,INT_104,132,40.52
2025-02-20 09:00:00,INT_101,159,38.71
2025-02-20 09:00:00,INT_102,141,45.66
2025-02-20 09:00:00,INT_103,151,24.45
2025-02-20 09:00:00,INT_104,140,39.35
2025-02-20 10:00:00,INT_101,105,45.91
2025-02-20 10:00:00,INT_102,87,43.72
2025-02-20 10:00:00,INT_103,59,43.1
2025-02-20 10:00:00,INT_104,72,42.31
2025-02-20 11:00:00,INT_101,107,39.07
2025-02-20 11:00:00,INT_102,95,38.81
2025-02-20 11:00:00,INT_103,86,52.18
2025-02-20 11:00:00,INT_104,72,45.92
2025-02-20 12:00:00,INT_101,126,46.3
2025-02-20 12:00:00,INT_102,96,53.18
2025-02-20 12:00:00,INT_103,98,39.32
2025-02-20 12:00:00,INT_104,84,42.3
2025-02-20 13:00:00,INT_101,144,45.91
2025-02-20 13:00:00,INT_102,130,42.72
2025-02-20 13:00:00,INT_103,97,45.48
2025-02-20 13:00:00,INT_104,102,48.07
2025-02-20 14:00:00,INT_101,90,40.52
2025-02-20 14:00:00,INT_102,73,37.42
2025-02-20 14:00:00,INT_103,68,44.26
2025-02-20 14:00:00,INT_104,66,51.34
2025-02-20 15:00:00,INT_101,111,39.88
2025-02-20 15:00:00,INT_102,79,48.27
2025-02-20 15:00:00,INT_103,91,34.68
2025-02-20 15:00:00,INT_104,68,36.5
2025-02-20 16:00:00,INT_101,87,30.65
2025-02-20 16:00:00,INT_102,85,48.36
2025-02-20 16:00:00,INT_103,88,32.54
2025-02-20 16:00:00,INT_104,80,43.08
2025-02-20 17:00:00,INT_101,186,18.73
2025-02-20 17:00:00,INT_102,162,35.8
2025-02-20 17:00:00,INT_103,158,33.16
2025-02-20 17:00:00,INT_104,162,42.18
2025-02-20 18:00:00,INT_101,177,36.6
2025-02-20 18:00:00,INT_102,157,31.36
2025-02-20 18:00:00,INT_103,182,44.06
2025-02-20 18:00:00,INT_104,155,35.38
2025-02-20 19:00:00,INT_101,186,21.64
2025-02-20 19:00:00,INT_102,168,44.5
2025-02-20 19:00:00,INT_103,177,23.46
2025-02-20 19:00:00,INT_104,156,19.08
2025-02-20 20:00:00,INT_101,97,34.43
2025-02-20 20:00:00,INT_102,80,40.43
2025-02-20 20:00:00,INT_103,66,37.52
2025-02-20 20:00:00,INT_104,70,42.98
2025-02-20 21:00:00,INT_101,107,49.78
2025-02-20 21:00:00,INT_102,89,52.61
2025-02-20 21:00:00,INT_103,90,39.25
2025-02-20 21:00:00,INT_104,79,42.38
2025-02-20 22:00:00,INT_101,93,43.28
2025-02-20 22:00:00,INT_102,85,35.11
2025-02-20 22:00:00,INT_103,85,41.48
2025-02-20 22:00:00,INT_104,68,42.53
2025-02-20 23:00:00,INT_101,105,48.22
2025-02-20 23:00:00,INT_102,68,49.06
2025-02-20 23:00:00,INT_103,77,37.27
2025-02-20 23:00:00,INT_104,69,35.17
2025-02-21 00:00:00,INT_101,98,36.53
2025-02-21 00:00:00,INT_102,76,43.8
2025-02-21 00:00:00,INT_103,88,43.64
2025-02-21 00:00:00,INT_104,82,42.86
2025-02-21 01:00:00,INT_101,110,42.8
2025-02-21 01:00:00,INT_102,89,33.45
2025-02-21 01:00:00,INT_103,65,62.27
2025-02-21 01:00:00,INT_104,78,41.53
2025-02-21 02:00:00,INT_101,101,42.67
2025-02-21 02:00:00,INT_102,86,35.5
2025-02-21 02:00:00,INT_103,65,47.31
2025-02-21 02:00:00,INT_104,56,46.55
2025-02-21 03:00:00,INT_101,113,49.98
2025-02-21 03:00:00,INT_102,93,41.09
2025-02-21 03:00:00,INT_103,80,41.38
2025-02-21 03:00:00,INT_104,67,38.5
2025-02-21 04:00:00,INT_101,96,43.06
2025-02-21 04:00:00,INT_102,91,47.15
2025-02-21 04:00:00,INT_103,72,40.33
2025-02-21 04:00:00,INT_104,67,39.28
2025-02-21 05:00:00,INT_101,107,43.11
2025-02-21 05:00:00,INT_102,79,51.71
2025-02-21 05:00:00,INT_103,81,48.07
2025-02-21 05:00:00,INT_104,73,39.61
2025-02-21 06:00:00,INT_101,90,45.58
2025-02-21 06:00:00,INT_102,98,41.88
2025-02-21 06:00:00,INT_103,79,39.19
2025-02-21 06:00:00,INT_104,78,33.43
2025-02-21 07:00:00,INT_101,165,30.59
2025-02-21 07:00:00,INT_102,140,32.13
2025-02-21 07:00:00,INT_103,132,32.24
2025-02-21 07:00:00,INT_104,138,42.31
2025-02-21 08:00:00,INT_101,160,34.41
2025-02-21 08:00:00,INT_102,129,43.77
2025-02-21 08:00:00,INT_103,155,32.09
2025-02-21 08:00:00,INT_104,135,37.13
2025-02-21 09:00:00,INT_101,180,31.06
2025-02-21 09:00:00,INT_102,148,42.78
2025-02-21 09:00:00,INT_103,154,36.11
2025-02-21 09:00:00,INT_104,137,42.11
2025-02-21 10:00:00,INT_101,98,46.43
2025-02-21 10:00:00,INT_102,80,41.54
2025-02-21 10:00:00,INT_103,91,40.34
2025-02-21 10:00:00,INT_104,82,50.83
2025-02-21 11:00:00,INT_101,95,40.87
2025-02-21 11:00:00,INT_102,70,44.27
2025-02-21 11:00:00,INT_103,74,53.12
2025-02-21 11:00:00,INT_104,67,49.52
2025-02-21 12:00:00,INT_101,138,37.68
2025-02-21 12:00:00,INT_102,113,34.31
2025-02-21 12:00:00,INT_103,112,44.87
2025-02-21 12:00:00,INT_104,112,43.3
2025-02-21 13:00:00,INT_101,117,49.87
2025-02-21 13:00:00,INT_102,111,50.96
2025-02-21 13:00:00,INT_103,110,40.83
2025-02-21 13:00:00,INT_104,101,24.68
2025-02-21 14:00:00,INT_101,104,42.53
2025-02-21 14:00:00,INT_102,77,42.36
2025-02-21 14:00:00,INT_103,79,34.53
2025-02-21 14:00:00,INT_104,84,44.7
2025-02-21 15:00:00,INT_101,101,45.05
2025-02-21 15:00:00,INT_102,80,45.02
2025-02-21 15:00:00,INT_103,76,29.52
2025-02-21 15:00:00,INT_104,64,42.14
2025-02-21 16:00:00,INT_101,109,50.25
2025-02-21 16:00:00,INT_102,80,44.65
2025-02-21 16:00:00,INT_103,84,45.26
2025-02-21 16:00:00,INT_104,80,37.45
2025-02-21 17:00:00,INT_101,182,32.18
2025-02-21 17:00:00,INT_102,164,35.74
2025-02-21 17:00:00,INT_103,171,37.22
2025-02-21 17:00:00,INT_104,169,27.88
2025-02-21 18:00:00,INT_101,205,26.08
2025-02-21 18:00:00,INT_102,171,35.93
2025-02-21 18:00:00,INT_103,161,22.67
2025-02-21 18:00:00,INT_104,155,39.42
2025-02-21 19:00:00,INT_101,192,33.32
2025-02-21 19:00:00,INT_102,172,36.52
2025-02-21 19:00:00,INT_103,175,25.73
2025-02-21 19:00:00,INT_104,158,39.7
2025-02-21 20:00:00,INT_101,102,32.69
2025-02-21 20:00:00,INT_102,92,49.94
2025-02-21 20:00:00,INT_103,78,42.0
2025-02-21 20:00:00,INT_104,71,48.44
2025-02-21 21:00:00,INT_101,107,45.87
2025-02-21 21:00:00,INT_102,98,38.72
2025-02-21 21:00:00,INT_103,77,40.15
2025-02-21 21:00:00,INT_104,62,43.04
2025-02-21 22:00:00,INT_101,99,42.24
2025-02-21 22:00:00,INT_102,85,42.62
2025-02-21 22:00:00,INT_103,80,44.81
2025-02-21 22:00:00,INT_104,73,38.62
2025-02-21 23:00:00,INT_101,104,35.47
2025-02-21 23:00:00,INT_102,80,41.59
2025-02-21 23:00:00,INT_103,87,35.13
2025-02-21 23:00:00,INT_104,59,39.83
2025-02-22 00:00:00,INT_101,103,45.33
2025-02-22 00:00:00,INT_102,74,43.11
2025-02-22 00:00:00,INT_103,96,35.72
2025-02-22 00:00:00,INT_104,73,43.32
2025-02-22 01:00:00,INT_101,117,37.82
2025-02-22 01:00:00,INT_102,89,35.52
2025-02-22 01:00:00,INT_103,79,24.35
2025-02-22 01:00:00,INT_104,68,40.04
2025-02-22 02:00:00,INT_101,87,26.46
2025-02-22 02:00:00,INT_102,87,50.39
2025-02-22 02:00:00,INT_103,75,40.19
2025-02-22 02:00:00,INT_104,55,41.02
2025-02-22 03:00:00,INT_101,104,41.58
2025-02-22 03:00:00,INT_102,78,35.05
2025-02-22 03:00:00,INT_103,68,37.99
2025-02-22 03:00:00,INT_104,69,40.66
2025-02-22 04:00:00,INT_101,88,42.47
2025-02-22 04:00:00,INT_102,78,43.58
2025-02-22 04:00:00,INT_103,89,42.92
2025-02-22 04:00:00,INT_104,55,41.71
2025-02-22 05:00:00,INT_101,90,46.02
2025-02-22 05:00:00,INT_102,72,38.31
2025-02-22 05:00:00,INT_103,69,44.71
2025-02-22 05:00:00,INT_104,57,49.05
2025-02-22 06:00:00,INT_101,99,34.88
2025-02-22 06:00:00,INT_102,75,47.72
2025-02-22 06:00:00,INT_103,97,41.98
2025-02-22 06:00:00,INT_104,87,46.91
2025-02-22 07:00:00,INT_101,162,28.21
2025-02-22 07:00:00,INT_102,153,41.52
2025-02-22 07:00:00,INT_103,146,48.45
2025-02-22 07:00:00,INT_104,132,32.68
2025-02-22 08:00:00,INT_101,154,31.81
2025-02-22 08:00:00,INT_102,157,40.87
2025-02-22 08:00:00,INT_103,151,26.25
2025-02-22 08:00:00,INT_104,141,37.16
2025-02-22 09:00:00,INT_101,164,38.98
2025-02-22 09:00:00,INT_102,153,43.9
2025-02-22 09:00:00,INT_103,152,20.98
2025-02-22 09:00:00,INT_104,125,41.32
2025-02-22 10:00:00,INT_101,108,44.63
2025-02-22 10:00:00,INT_102,96,48.61
2025-02-22 10:00:00,INT_103,94,50.69
2025-02-22 10:00:00,INT_104,59,36.24
2025-02-22 11:00:00,INT_101,92,50.73
2025-02-22 11:00:00,INT_102,91,29.05
2025-02-22 11:00:00,INT_103,81,40.26
2025-02-22 11:00:00,INT_104,58,45.22
2025-02-22 12:00:00,INT_101,133,43.35
2025-02-22 12:00:00,INT_102,107,45.49
2025-02-22 12:00:00,INT_103,115,47.37
2025-02-22 12:00:00,INT_104,98,32.88
2025-02-22 13:00:00,INT_101,121,45.08
2025-02-22 13:00:00,INT_102,106,44.72
2025-02-22 13:00:00,INT_103,120,45.28
2025-02-22 13:00:00,INT_104,85,45.63
2025-02-22 14:00:00,INT_101,92,47.77
2025-02-22 14:00:00,INT_102,64,41.91
2025-02-22 14:00:00,INT_103,83,38.35
2025-02-22 14:00:00,INT_104,83,42.91
2025-02-22 15:00:00,INT_101,104,50.6
2025-02-22 15:00:00,INT_102,76,31.02
2025-02-22 15:00:00,INT_103,86,42.49
2025-02-22 15:00:00,INT_104,78,38.35
2025-02-22 16:00:00,INT_101,94,40.26
2025-02-22 16:00:00,INT_102,99,37.14
2025-02-22 16:00:00,INT_103,78,30.84
2025-02-22 16:00:00,INT_104,61,33.8
2025-02-22 17:00:00,INT_101,178,29.06
2025-02-22 17:00:00,INT_102,172,38.4
2025-02-22 17:00:00,INT_103,162,33.55
2025-02-22 17:00:00,INT_104,163,28.7
2025-02-22 18:00:00,INT_101,194,35.25
2025-02-22 18:00:00,INT_102,158,26.63
2025-02-22 18:00:00,INT_103,169,41.64
2025-02-22 18:00:00,INT_104,170,27.03
2025-02-22 19:00:00,INT_101,202,22.57
2025-02-22 19:00:00,INT_102,180,16.58
2025-02-22 19:00:00,INT_103,188,33.1
2025-02-22 19:00:00,INT_104,168,28.71
2025-02-22 20:00:00,INT_101,95,27.79
2025-02-22 20:00:00,INT_102,69,46.38
2025-02-22 20:00:00,INT_103,89,46.78
2025-02-22 20:00:00,INT_104,77,40.19
2025-02-22 21:00:00,INT_101,105,40.61
2025-02-22 21:00:00,INT_102,86,30.56
2025-02-22 21:00:00,INT_103,72,38.72
2025-02-22 21:00:00,INT_104,56,50.01
2025-02-22 22:00:00,INT_101,112,39.37
2025-02-22 22:00:00,INT_102,59,39.04
2025-02-22 22:00:00,INT_103,83,41.11
2025-02-22 22:00:00,INT_104,75,35.75
2025-02-22 23:00:00,INT_101,92,43.01
2025-02-22 23:00:00,INT_102,84,44.02
2025-02-22 23:00:00,INT_103,84,41.27
2025-02-22 23:00:00,INT_104,63,40.92
2025-02-23 00:00:00,INT_101,86,45.98
2025-02-23 00:00:00,INT_102,83,51.11
2025-02-23 00:00:00,INT_103,76,42.79
2025-02-23 00:00:00,INT_104,75,47.78
2025-02-23 01:00:00,INT_101,100,32.78
2025-02-23 01:00:00,INT_102,69,40.26
2025-02-23 01:00:00,INT_103,84,47.66
2025-02-23 01:00:00,INT_104,61,47.48
2025-02-23 02:00:00,INT_101,109,37.9
2025-02-23 02:00:00,INT_102,79,43.76
2025-02-23 02:00:00,INT_103,98,46.2
2025-02-23 02:00:00,INT_104,64,57.13
2025-02-23 03:00:00,INT_101,93,44.79
2025-02-23 03:00:00,INT_102,88,38.35
2025-02-23 03:00:00,INT_103,92,44.03
2025-02-23 03:00:00,INT_104,75,47.19
2025-02-23 04:00:00,INT_101,94,41.44
2025-02-23 04:00:00,INT_102,70,54.21
2025-02-23 04:00:00,INT_103,77,40.74
2025-02-23 04:00:00,INT_104,62,39.86
2025-02-23 05:00:00,INT_101,107,32.8
2025-02-23 05:00:00,INT_102,83,37.93
2025-02-23 05:00:00,INT_103,59,35.03
2025-02-23 05:00:00,INT_104,72,47.15
2025-02-23 06:00:00,INT_101,94,39.43
2025-02-23 06:00:00,INT_102,87,37.8
2025-02-23 06:00:00,INT_103,71,51.1
2025-02-23 06:00:00,INT_104,70,41.36
2025-02-23 07:00:00,INT_101,160,37.01
2025-02-23 07:00:00,INT_102,150,42.14
2025-02-23 07:00:00,INT_103,153,32.01
2025-02-23 07:00:00,INT_104,146,38.29
2025-02-23 08:00:00,INT_101,165,44.58
2025-02-23 08:00:00,INT_102,143,39.56
2025-02-23 08:00:00,INT_103,147,49.49
2025-02-23 08:00:00,INT_104,123,38.21
2025-02-23 09:00:00,INT_101,143,34.89
2025-02-23 09:00:00,INT_102,143,47.19
2025-02-23 09:00:00,INT_103,146,39.35
2025-02-23 09:00:00,INT_104,121,45.01
2025-02-23 10:00:00,INT_101,112,40.14
2025-02-23 10:00:00,INT_102,81,45.89
2025-02-23 10:00:00,INT_103,74,30.29
2025-02-23 10:00:00,INT_104,69,39.57
2025-02-23 11:00:00,INT_101,95,40.0
2025-02-23 11:00:00,INT_102,76,45.8
2025-02-23 11:00:00,INT_103,72,51.78
2025-02-23 11:00:00,INT_104,84,41.32
2025-02-23 12:00:00,INT_101,149,29.22
2025-02-23 12:00:00,INT_102,118,46.89
2025-02-23 12:00:00,INT_103,112,33.26
2025-02-23 12:00:00,INT_104,93,55.64
2025-02-23 13:00:00,INT_101,128,43.84
2025-02-23 13:00:00,INT_102,112,34.91
2025-02-23 13:00:00,INT_103,115,40.26
2025-02-23 13:00:00,INT_104,114,34.98
2025-02-23 14:00:00,INT_101,112,42.95
2025-02-23 14:00:00,INT_102,73,51.26
2025-02-23 14:00:00,INT_103,93,42.63
2025-02-23 14:00:00,INT_104,90,49.29
2025-02-23 15:00:00,INT_101,119,39.99
2025-02-23 15:00:00,INT_102,74,36.23
2025-02-23 15:00:00,INT_103,86,32.47
2025-02-23 15:00:00,INT_104,68,49.25
2025-02-23 16:00:00,INT_101,97,50.41
2025-02-23 16:00:00,INT_102,75,48.2
2025-02-23 16:00:00,INT_103,71,42.58
2025-02-23 16:00:00,INT_104,67,43.16
2025-02-23 17:00:00,INT_101,191,43.47
2025-02-23 17:00:00,INT_102,172,39.99
2025-02-23 17:00:00,INT_103,178,37.09
2025-02-23 17:00:00,INT_104,157,30.07
2025-02-23 18:00:00,INT_101,205,29.12
2025-02-23 18:00:00,INT_102,163,34.47
2025-02-23 18:00:00,INT_103,161,33.66
2025-02-23 18:00:00,INT_104,156,37.21
2025-02-23 19:00:00,INT_101,197,32.11
2025-02-23 19:00:00,INT_102,168,34.07
2025-02-23 19:00:00,INT_103,167,29.84
2025-02-23 19:00:00,INT_104,179,29.94
2025-02-23 20:00:00,INT_101,98,35.44
2025-02-23 20:00:00,INT_102,76,37.01
2025-02-23 20:00:00,INT_103,78,35.89
2025-02-23 20:00:00,INT_104,68,37.68
2025-02-23 21:00:00,INT_101,95,47.79
2025-02-23 21:00:00,INT_102,86,34.88
2025-02-23 21:00:00,INT_103,80,45.92
2025-02-23 21:00:00,INT_104,64,38.29
2025-02-23 22:00:00,INT_101,105,32.78
2025-02-23 22:00:00,INT_102,85,48.69
2025-02-23 22:00:00,INT_103,88,37.11
2025-02-23 22:00:00,INT_104,80,35.92
2025-02-23 23:00:00,INT_101,90,37.67
2025-02-23 23:00:00,INT_102,77,37.21
2025-02-23 23:00:00,INT_103,88,20.23
2025-02-23 23:00:00,INT_104,65,39.86
2025-02-24 00:00:00,INT_101,98,39.77
2025-02-24 00:00:00,INT_102,86,32.95
2025-02-24 00:00:00,INT_103,82,54.79
2025-02-24 00:00:00,INT_104,69,45.18
2025-02-24 01:00:00,INT_101,88,27.71
2025-02-24 01:00:00,INT_102,92,48.93
2025-02-24 01:00:00,INT_103,79,26.68
2025-02-24 01:00:00,INT_104,81,43.64
2025-02-24 02:00:00,INT_101,106,33.62
2025-02-24 02:00:00,INT_102,69,39.18
2025-02-24 02:00:00,INT_103,91,53.53
2025-02-24 02:00:00,INT_104,73,27.24
2025-02-24 03:00:00,INT_101,100,35.73
2025-02-24 03:00:00,INT_102,71,33.71
2025-02-24 03:00:00,INT_103,71,41.51
2025-02-24 03:00:00,INT_104,63,44.12
2025-02-24 04:00:00,INT_101,93,38.07
2025-02-24 04:00:00,INT_102,69,39.48
2025-02-24 04:00:00,INT_103,76,41.38
2025-02-24 04:00:00,INT_104,66,34.01
2025-02-24 05:00:00,INT_101,119,39.52
2025-02-24 05:00:00,INT_102,77,42.2
2025-02-24 05:00:00,INT_103,72,38.4
2025-02-24 05:00:00,INT_104,62,46.75
2025-02-24 06:00:00,INT_101,102,34.41
2025-02-24 06:00:00,INT_102,97,36.57
2025-02-24 06:00:00,INT_103,76,35.89
2025-02-24 06:00:00,INT_104,61,35.91
2025-02-24 07:00:00,INT_101,177,29.22
2025-02-24 07:00:00,INT_102,166,29.34
2025-02-24 07:00:00,INT_103,153,41.49
2025-02-24 07:00:00,INT_104,142,46.48
2025-02-24 08:00:00,INT_101,170,34.23
2025-02-24 08:00:00,INT_102,164,43.56
2025-02-24 08:00:00,INT_103,159,31.5
2025-02-24 08:00:00,INT_104,140,42.69
2025-02-24 09:00:00,INT_101,171,33.29
2025-02-24 09:00:00,INT_102,138,44.84
2025-02-24 09:00:00,INT_103,134,57.75
2025-02-24 09:00:00,INT_104,151,30.79
2025-02-24 10:00:00,INT_101,94,40.65
2025-02-24 10:00:00,INT_102,90,45.68
2025-02-24 10:00:00,INT_103,85,40.56
2025-02-24 10:00:00,INT_104,71,37.79
2025-02-24 11:00:00,INT_101,98,43.84
2025-02-24 11:00:00,INT_102,74,44.75
2025-02-24 11:00:00,INT_103,66,48.58
2025-02-24 11:00:00,INT_104,77,48.08
2025-02-24 12:00:00,INT_101,127,42.18
2025-02-24 12:00:00,INT_102,104,35.3
2025-02-24 12:00:00,INT_103,113,36.17
2025-02-24 12:00:00,INT_104,102,46.23
2025-02-24 13:00:00,INT_101,122,50.23
2025-02-24 13:00:00,INT_102,111,42.33
2025-02-24 13:00:00,INT_103,113,48.02
2025-02-24 13:00:00,INT_104,110,42.18
2025-02-24 14:00:00,INT_101,112,43.68
2025-02-24 14:00:00,INT_102,60,43.7
2025-02-24 14:00:00,INT_103,70,38.77
2025-02-24 14:00:00,INT_104,64,45.06
2025-02-24 15:00:00,INT_101,77,32.38
2025-02-24 15:00:00,INT_102,80,41.39
2025-02-24 15:00:00,INT_103,83,44.73
2025-02-24 15:00:00,INT_104,76,46.19
2025-02-24 16:00:00,INT_101,84,46.3
2025-02-24 16:00:00,INT_102,85,46.7
2025-02-24 16:00:00,INT_103,89,34.5
2025-02-24 16:00:00,INT_104,74,44.49
2025-02-24 17:00:00,INT_101,184,51.6
2025-02-24 17:00:00,INT_102,192,35.08
2025-02-24 17:00:00,INT_103,183,18.24
2025-02-24 17:00:00,INT_104,168,28.12
2025-02-24 18:00:00,INT_101,196,27.74
2025-02-24 18:00:00,INT_102,165,38.19
2025-02-24 18:00:00,INT_103,166,36.84
2025-02-24 18:00:00,INT_104,161,30.31
2025-02-24 19:00:00,INT_101,191,30.48
2025-02-24 19:00:00,INT_102,155,37.39
2025-02-24 19:00:00,INT_103,183,34.74
2025-02-24 19:00:00,INT_104,170,39.65
2025-02-24 20:00:00,INT_101,103,49.01
2025-02-24 20:00:00,INT_102,89,41.45
2025-02-24 20:00:00,INT_103,89,41.99
2025-02-24 20:00:00,INT_104,47,36.09
2025-02-24 21:00:00,INT_101,77,40.49
2025-02-24 21:00:00,INT_102,76,36.27
2025-02-24 21:00:00,INT_103,87,46.08
2025-02-24 21:00:00,INT_104,72,38.36
2025-02-24 22:00:00,INT_101,105,47.79
2025-02-24 22:00:00,INT_102,84,49.19
2025-02-24 22:00:00,INT_103,69,42.5
2025-02-24 22:00:00,INT_104,65,51.18
2025-02-24 23:00:00,INT_101,103,42.07
2025-02-24 23:00:00,INT_102,74,38.63
2025-02-24 23:00:00,INT_103,84,35.88
2025-02-24 23:00:00,INT_104,61,36.59
2025-02-25 00:00:00,INT_101,97,36.46
2025-02-25 00:00:00,INT_102,78,42.33
2025-02-25 00:00:00,INT_103,79,36.14
2025-02-25 00:00:00,INT_104,68,36.74
2025-02-25 01:00:00,INT_101,129,50.2
2025-02-25 01:00:00,INT_102,82,47.45
2025-02-25 01:00:00,INT_103,72,42.41
2025-02-25 01:00:00,INT_104,77,41.51
2025-02-25 02:00:00,INT_101,99,42.53
2025-02-25 02:00:00,INT_102,72,39.83
2025-02-25 02:00:00,INT_103,84,45.16
2025-02-25 02:00:00,INT_104,72,31.23
2025-02-25 03:00:00,INT_101,107,38.63
2025-02-25 03:00:00,INT_102,88,56.17
2025-02-25 03:00:00,INT_103,81,38.43
2025-02-25 03:00:00,INT_104,73,44.33
2025-02-25 04:00:00,INT_101,98,32.34
2025-02-25 04:00:00,INT_102,76,51.22
2025-02-25 04:00:00,INT_103,78,55.75
2025-02-25 04:00:00,INT_104,67,39.88
2025-02-25 05:00:00,INT_101,101,37.82
2025-02-25 05:00:00,INT_102,94,37.11
2025-02-25 05:00:00,INT_103,88,53.81
2025-02-25 05:00:00,INT_104,73,46.3
2025-02-25 06:00:00,INT_101,94,36.43
2025-02-25 06:00:00,INT_102,82,34.94
2025-02-25 06:00:00,INT_103,74,40.1
2025-02-25 06:00:00,INT_104,76,42.03
2025-02-25 07:00:00,INT_101,179,27.37
2025-02-25 07:00:00,INT_102,139,40.83
2025-02-25 07:00:00,INT_103,149,41.2
2025-02-25 07:00:00,INT_104,152,37.81
2025-02-25 08:00:00,INT_101,159,36.4
2025-02-25 08:00:00,INT_102,133,36.58
2025-02-25 08:00:00,INT_103,156,27.94
2025-02-25 08:00:00,INT_104,147,41.9
2025-02-25 09:00:00,INT_101,169,38.01
2025-02-25 09:00:00,INT_102,148,46.32
2025-02-25 09:00:00,INT_103,147,45.5
2025-02-25 09:00:00,INT_104,143,49.52
2025-02-25 10:00:00,INT_101,100,38.2
2025-02-25 10:00:00,INT_102,87,35.45
2025-02-25 10:00:00,INT_103,89,37.49
2025-02-25 10:00:00,INT_104,79,43.93
2025-02-25 11:00:00,INT_101,115,51.51
2025-02-25 11:00:00,INT_102,70,40.28
2025-02-25 11:00:00,INT_103,84,43.73
2025-02-25 11:00:00,INT_104,72,48.92
2025-02-25 12:00:00,INT_101,142,34.75
2025-02-25 12:00:00,INT_102,99,41.11
2025-02-25 12:00:00,INT_103,109,41.82
2025-02-25 12:00:00,INT_104,98,50.91
2025-02-25 13:00:00,INT_101,131,46.54
2025-02-25 13:00:00,INT_102,123,36.29
2025-02-25 13:00:00,INT_103,96,42.41
2025-02-25 13:00:00,INT_104,106,46.98
2025-02-25 14:00:00,INT_101,104,38.17
2025-02-25 14:00:00,INT_102,86,37.84
2025-02-25 14:00:00,INT_103,80,37.8
2025-02-25 14:00:00,INT_104,68,49.76
2025-02-25 15:00:00,INT_101,96,45.64
2025-02-25 15:00:00,INT_102,79,54.33
2025-02-25 15:00:00,INT_103,80,37.98
2025-02-25 15:00:00,INT_104,60,38.64
2025-02-25 16:00:00,INT_101,84,35.78
2025-02-25 16:00:00,INT_102,64,40.41
2025-02-25 16:00:00,INT_103,81,40.02
2025-02-25 16:00:00,INT_104,82,48.07
2025-02-25 17:00:00,INT_101,213,19.16
2025-02-25 17:00:00,INT_102,161,34.19
2025-02-25 17:00:00,INT_103,169,26.84
2025-02-25 17:00:00,INT_104,149,25.44
2025-02-25 18:00:00,INT_101,189,36.75
2025-02-25 18:00:00,INT_102,159,28.24
2025-02-25 18:00:00,INT_103,171,50.62
2025-02-25 18:00:00,INT_104,160,40.67
2025-02-25 19:00:00,INT_101,181,40.76
2025-02-25 19:00:00,INT_102,172,29.87
2025-02-25 19:00:00,INT_103,160,29.7
2025-02-25 19:00:00,INT_104,180,35.08
2025-02-25 20:00:00,INT_101,92,38.34
2025-02-25 20:00:00,INT_102,81,49.57
2025-02-25 20:00:00,INT_103,72,39.87
2025-02-25 20:00:00,INT_104,60,46.69
2025-02-25 21:00:00,INT_101,90,41.85
2025-02-25 21:00:00,INT_102,69,48.18
2025-02-25 21:00:00,INT_103,74,41.52
2025-02-25 21:00:00,INT_104,62,46.47
2025-02-25 22:00:00,INT_101,106,39.16
2025-02-25 22:00:00,INT_102,71,26.74
2025-02-25 22:00:00,INT_103,78,42.25
2025-02-25 22:00:00,INT_104,50,47.42
2025-02-25 23:00:00,INT_101,99,41.6
2025-02-25 23:00:00,INT_102,77,37.27
2025-02-25 23:00:00,INT_103,65,21.02
2025-02-25 23:00:00,INT_104,76,37.27
2025-02-26 00:00:00,INT_101,94,54.86
2025-02-26 00:00:00,INT_102,95,38.35
2025-02-26 00:00:00,INT_103,81,46.59
2025-02-26 00:00:00,INT_104,83,50.95
2025-02-26 01:00:00,INT_101,96,40.98
2025-02-26 01:00:00,INT_102,74,45.66
2025-02-26 01:00:00,INT_103,88,34.85
2025-02-26 01:00:00,INT_104,70,39.41
2025-02-26 02:00:00,INT_101,82,46.62
2025-02-26 02:00:00,INT_102,85,43.4
2025-02-26 02:00:00,INT_103,78,43.15
2025-02-26 02:00:00,INT_104,83,40.59
2025-02-26 03:00:00,INT_101,98,44.69
2025-02-26 03:00:00,INT_102,55,36.28
2025-02-26 03:00:00,INT_103,85,43.4
2025-02-26 03:00:00,INT_104,59,40.78
2025-02-26 04:00:00,INT_101,105,44.27
2025-02-26 04:00:00,INT_102,89,37.81
2025-02-26 04:00:00,INT_103,106,40.25
2025-02-26 04:00:00,INT_104,70,45.6
2025-02-26 05:00:00,INT_101,93,52.71
2025-02-26 05:00:00,INT_102,73,39.24
2025-02-26 05:00:00,INT_103,81,38.61
2025-02-26 05:00:00,INT_104,55,42.89
2025-02-26 06:00:00,INT_101,110,53.18
2025-02-26 06:00:00,INT_102,71,43.29
2025-02-26 06:00:00,INT_103,76,51.82
2025-02-26 06:00:00,INT_104,89,33.37
2025-02-26 07:00:00,INT_101,159,30.13
2025-02-26 07:00:00,INT_102,150,41.52
2025-02-26 07:00:00,INT_103,151,30.01
2025-02-26 07:00:00,INT_104,129,41.51
2025-02-26 08:00:00,INT_101,181,26.32
2025-02-26 08:00:00,INT_102,141,44.12
2025-02-26 08:00:00,INT_103,143,37.37
2025-02-26 08:00:00,INT_104,143,35.99
2025-02-26 09:00:00,INT_101,183,30.97
2025-02-26 09:00:00,INT_102,155,41.69
2025-02-26 09:00:00,INT_103,147,52.79
2025-02-26 09:00:00,INT_104,148,42.72
2025-02-26 10:00:00,INT_101,90,35.72
2025-02-26 10:00:00,INT_102,79,35.48
2025-02-26 10:00:00,INT_103,67,34.57
2025-02-26 10:00:00,INT_104,66,34.64
2025-02-26 11:00:00,INT_101,92,43.49
2025-02-26 11:00:00,INT_102,72,36.08
2025-02-26 11:00:00,INT_103,73,34.05
2025-02-26 11:00:00,INT_104,79,39.01
2025-02-26 12:00:00,INT_101,140,46.87
2025-02-26 12:00:00,INT_102,116,41.91
2025-02-26 12:00:00,INT_103,118,36.68
2025-02-26 12:00:00,INT_104,98,46.13
2025-02-26 13:00:00,INT_101,123,37.84
2025-02-26 13:00:00,INT_102,107,33.41
2025-02-26 13:00:00,INT_103,107,44.83
2025-02-26 13:00:00,INT_104,107,39.29
2025-02-26 14:00:00,INT_101,104,41.03
2025-02-26 14:00:00,INT_102,75,45.84
2025-02-26 14:00:00,INT_103,73,37.77
2025-02-26 14:00:00,INT_104,72,43.85
2025-02-26 15:00:00,INT_101,96,44.73
2025-02-26 15:00:00,INT_102,67,47.49
2025-02-26 15:00:00,INT_103,91,36.53
2025-02-26 15:00:00,INT_104,86,36.02
2025-02-26 16:00:00,INT_101,104,43.22
2025-02-26 16:00:00,INT_102,87,53.18
2025-02-26 16:00:00,INT_103,82,32.71
2025-02-26 16:00:00,INT_104,77,37.54
2025-02-26 17:00:00,INT_101,189,24.72
2025-02-26 17:00:00,INT_102,160,33.68
2025-02-26 17:00:00,INT_103,173,26.2
2025-02-26 17:00:00,INT_104,162,29.76
2025-02-26 18:00:00,INT_101,197,41.58
2025-02-26 18:00:00,INT_102,180,28.25
2025-02-26 18:00:00,INT_103,170,31.89
2025-02-26 18:00:00,INT_104,180,31.29
2025-02-26 19:00:00,INT_101,185,32.84
2025-02-26 19:00:00,INT_102,184,23.04
2025-02-26 19:00:00,INT_103,178,32.54
2025-02-26 19:00:00,INT_104,153,29.76
2025-02-26 20:00:00,INT_101,105,38.27
2025-02-26 20:00:00,INT_102,85,50.56
2025-02-26 20:00:00,INT_103,78,50.95
2025-02-26 20:00:00,INT_104,80,48.35
2025-02-26 21:00:00,INT_101,78,30.1
2025-02-26 21:00:00,INT_102,70,48.17
2025-02-26 21:00:00,INT_103,76,27.61
2025-02-26 21:00:00,INT_104,63,40.5
2025-02-26 22:00:00,INT_101,102,36.97
2025-02-26 22:00:00,INT_102,92,46.38
2025-02-26 22:00:00,INT_103,75,37.47
2025-02-26 22:00:00,INT_104,69,35.2
2025-02-26 23:00:00,INT_101,110,45.55
2025-02-26 23:00:00,INT_102,71,38.05
2025-02-26 23:00:00,INT_103,96,36.44
2025-02-26 23:00:00,INT_104,74,48.41
2025-02-27 00:00:00,INT_101,101,44.79
2025-02-27 00:00:00,INT_102,83,40.68
2025-02-27 00:00:00,INT_103,80,29.3
2025-02-27 00:00:00,INT_104,65,36.0
2025-02-27 01:00:00,INT_101,99,43.6
2025-02-27 01:00:00,INT_102,77,32.13
2025-02-27 01:00:00,INT_103,85,46.11
2025-02-27 01:00:00,INT_104,67,49.24
2025-02-27 02:00:00,INT_101,95,44.83
2025-02-27 02:00:00,INT_102,75,47.63
2025-02-27 02:00:00,INT_103,78,27.72
2025-02-27 02:00:00,INT_104,51,43.74
2025-02-27 03:00:00,INT_101,93,37.76
2025-02-27 03:00:00,INT_102,73,53.41
2025-02-27 03:00:00,INT_103,88,36.15
2025-02-27 03:00:00,INT_104,66,39.99
2025-02-27 04:00:00,INT_101,73,42.12
2025-02-27 04:00:00,INT_102,83,48.01
2025-02-27 04:00:00,INT_103,88,42.76
2025-02-27 04:00:00,INT_104,72,53.41
2025-02-27 05:00:00,INT_101,103,42.44
2025-02-27 05:00:00,INT_102,94,35.22
2025-02-27 05:00:00,INT_103,86,38.53
2025-02-27 05:00:00,INT_104,72,37.24
2025-02-27 06:00:00,INT_101,109,41.68
2025-02-27 06:00:00,INT_102,89,38.51
2025-02-27 06:00:00,INT_103,66,41.62
2025-02-27 06:00:00,INT_104,70,31.1
2025-02-27 07:00:00,INT_101,176,47.05
2025-02-27 07:00:00,INT_102,143,40.06
2025-02-27 07:00:00,INT_103,148,48.14
2025-02-27 07:00:00,INT_104,152,35.6
2025-02-27 08:00:00,INT_101,184,38.66
2025-02-27 08:00:00,INT_102,141,47.44
2025-02-27 08:00:00,INT_103,156,34.69
2025-02-27 08:00:00,INT_104,141,44.59
2025-02-27 09:00:00,INT_101,172,22.64
2025-02-27 09:00:00,INT_102,145,51.55
2025-02-27 09:00:00,INT_103,148,47.73
2025-02-27 09:00:00,INT_104,126,40.94
2025-02-27 10:00:00,INT_101,104,36.26
2025-02-27 10:00:00,INT_102,80,40.01
2025-02-27 10:00:00,INT_103,88,32.46
2025-02-27 10:00:00,INT_104,70,41.87
2025-02-27 11:00:00,INT_101,102,34.06
2025-02-27 11:00:00,INT_102,69,41.42
2025-02-27 11:00:00,INT_103,74,43.39
2025-02-27 11:00:00,INT_104,75,37.47
2025-02-27 12:00:00,INT_101,132,43.87
2025-02-27 12:00:00,INT_102,110,40.0
2025-02-27 12:00:00,INT_103,117,39.11
2025-02-27 12:00:00,INT_104,107,34.5
2025-02-27 13:00:00,INT_101,136,41.18
2025-02-27 13:00:00,INT_102,114,40.72
2025-02-27 13:00:00,INT_103,111,37.94
2025-02-27 13:00:00,INT_104,91,42.67
2025-02-27 14:00:00,INT_101,105,44.52
2025-02-27 14:00:00,INT_102,63,32.19
2025-02-27 14:00:00,INT_103,97,35.72
2025-02-27 14:00:00,INT_104,71,34.59
2025-02-27 15:00:00,INT_101,102,35.98
2025-02-27 15:00:00,INT_102,69,32.17
2025-02-27 15:00:00,INT_103,99,43.33
2025-02-27 15:00:00,INT_104,69,39.82
2025-02-27 16:00:00,INT_101,105,41.83
2025-02-27 16:00:00,INT_102,66,51.52
2025-02-27 16:00:00,INT_103,96,45.99
2025-02-27 16:00:00,INT_104,61,29.58
2025-02-27 17:00:00,INT_101,198,34.6
2025-02-27 17:00:00,INT_102,162,40.38
2025-02-27 17:00:00,INT_103,177,35.63
2025-02-27 17:00:00,INT_104,173,30.52
2025-02-27 18:00:00,INT_101,193,27.89
2025-02-27 18:00:00,INT_102,175,33.7
2025-02-27 18:00:00,INT_103,186,31.55
2025-02-27 18:00:00,INT_104,154,30.4
2025-02-27 19:00:00,INT_101,178,27.57
2025-02-27 19:00:00,INT_102,163,30.54
2025-02-27 19:00:00,INT_103,171,32.89
2025-02-27 19:00:00,INT_104,169,35.47
2025-02-27 20:00:00,INT_101,94,44.85
2025-02-27 20:00:00,INT_102,76,34.95
2025-02-27 20:00:00,INT_103,100,46.53
2025-02-27 20:00:00,INT_104,66,39.47
2025-02-27 21:00:00,INT_101,124,42.07
2025-02-27 21:00:00,INT_102,86,32.4
2025-02-27 21:00:00,INT_103,90,38.2
2025-02-27 21:00:00,INT_104,74,36.51
2025-02-27 22:00:00,INT_101,89,38.79
2025-02-27 22:00:00,INT_102,85,43.54
2025-02-27 22:00:00,INT_103,76,40.69
2025-02-27 22:00:00,INT_104,62,46.83
2025-02-27 23:00:00,INT_101,98,52.11
2025-02-27 23:00:00,INT_102,84,44.26
2025-02-27 23:00:00,INT_103,70,39.55
2025-02-27 23:00:00,INT_104,63,32.98
2025-02-28 00:00:00,INT_101,96,52.01
2025-02-28 00:00:00,INT_102,82,39.51
2025-02-28 00:00:00,INT_103,104,37.26
2025-02-28 00:00:00,INT_104,81,43.75
2025-02-28 01:00:00,INT_101,88,48.91
2025-02-28 01:00:00,INT_102,71,40.95
2025-02-28 01:00:00,INT_103,86,38.36
2025-02-28 01:00:00,INT_104,76,35.12
2025-02-28 02:00:00,INT_101,108,49.29
2025-02-28 02:00:00,INT_102,88,47.99
2025-02-28 02:00:00,INT_103,94,44.45
2025-02-28 02:00:00,INT_104,83,43.7
2025-02-28 03:00:00,INT_101,108,34.47
2025-02-28 03:00:00,INT_102,82,37.62
2025-02-28 03:00:00,INT_103,80,38.22
2025-02-28 03:00:00,INT_104,71,45.13
2025-02-28 04:00:00,INT_101,116,23.43
2025-02-28 04:00:00,INT_102,76,38.27
2025-02-28 04:00:00,INT_103,78,45.82
2025-02-28 04:00:00,INT_104,74,38.6
2025-02-28 05:00:00,INT_101,100,45.47
2025-02-28 05:00:00,INT_102,73,40.4
2025-02-28 05:00:00,INT_103,83,45.65
2025-02-28 05:00:00,INT_104,67,52.62
2025-02-28 06:00:00,INT_101,94,40.24
2025-02-28 06:00:00,INT_102,80,38.59
2025-02-28 06:00:00,INT_103,81,34.61
2025-02-28 06:00:00,INT_104,82,50.05
2025-02-28 07:00:00,INT_101,172,42.21
2025-02-28 07:00:00,INT_102,163,21.07
2025-02-28 07:00:00,INT_103,144,42.29
2025-02-28 07:00:00,INT_104,126,40.48
2025-02-28 08:00:00,INT_101,172,34.94
2025-02-28 08:00:00,INT_102,148,44.38
2025-02-28 08:00:00,INT_103,128,41.26
2025-02-28 08:00:00,INT_104,150,38.24
2025-02-28 09:00:00,INT_101,161,38.35
2025-02-28 09:00:00,INT_102,137,40.96
2025-02-28 09:00:00,INT_103,141,35.15
2025-02-28 09:00:00,INT_104,153,20.95
2025-02-28 10:00:00,INT_101,105,33.05
2025-02-28 10:00:00,INT_102,77,38.52
2025-02-28 10:00:00,INT_103,77,44.26
2025-02-28 10:00:00,INT_104,79,31.1
2025-02-28 11:00:00,INT_101,94,49.19
2025-02-28 11:00:00,INT_102,80,34.29
2025-02-28 11:00:00,INT_103,75,48.54
2025-02-28 11:00:00,INT_104,79,32.2
2025-02-28 12:00:00,INT_101,123,36.63
2025-02-28 12:00:00,INT_102,107,48.13
2025-02-28 12:00:00,INT_103,112,35.9
2025-02-28 12:00:00,INT_104,91,38.59
2025-02-28 13:00:00,INT_101,133,42.04
2025-02-28 13:00:00,INT_102,129,34.56
2025-02-28 13:00:00,INT_103,105,28.35
2025-02-28 13:00:00,INT_104,110,43.57
2025-02-28 14:00:00,INT_101,98,54.83
2025-02-28 14:00:00,INT_102,78,43.13
2025-02-28 14:00:00,INT_103,79,37.37
2025-02-28 14:00:00,INT_104,64,57.3
2025-02-28 15:00:00,INT_101,97,49.41
2025-02-28 15:00:00,INT_102,91,38.14
2025-02-28 15:00:00,INT_103,80,48.85
2025-02-28 15:00:00,INT_104,66,41.98
2025-02-28 16:00:00,INT_101,114,49.39
2025-02-28 16:00:00,INT_102,73,45.7
2025-02-28 16:00:00,INT_103,82,36.26
2025-02-28 16:00:00,INT_104,83,38.46
2025-02-28 17:00:00,INT_101,192,20.59
2025-02-28 17:00:00,INT_102,172,40.51
2025-02-28 17:00:00,INT_103,175,40.95
2025-02-28 17:00:00,INT_104,163,38.04
2025-02-28 18:00:00,INT_101,207,16.63
2025-02-28 18:00:00,INT_102,170,31.74
2025-02-28 18:00:00,INT_103,148,36.75
2025-02-28 18:00:00,INT_104,151,37.77
2025-02-28 19:00:00,INT_101,193,40.76
2025-02-28 19:00:00,INT_102,169,28.63
2025-02-28 19:00:00,INT_103,170,32.47
2025-02-28 19:00:00,INT_104,153,23.98
2025-02-28 20:00:00,INT_101,91,31.38
2025-02-28 20:00:00,INT_102,68,41.17
2025-02-28 20:00:00,INT_103,88,43.83
2025-02-28 20:00:00,INT_104,80,44.53
2025-02-28 21:00:00,INT_101,96,40.97
2025-02-28 21:00:00,INT_102,74,46.76
2025-02-28 21:00:00,INT_103,86,35.7
2025-02-28 21:00:00,INT_104,68,37.33
2025-02-28 22:00:00,INT_101,100,42.18
2025-02-28 22:00:00,INT_102,78,33.63
2025-02-28 22:00:00,INT_103,70,36.65
2025-02-28 22:00:00,INT_104,65,48.46
2025-02-28 23:00:00,INT_101,85,41.51
2025-02-28 23:00:00,INT_102,76,41.78
2025-02-28 23:00:00,INT_103,65,41.47
2025-02-28 23:00:00,INT_104,76,49.84
2025-03-01 00:00:00,INT_101,123,36.15
2025-03-01 00:00:00,INT_102,63,43.13
2025-03-01 00:00:00,INT_103,91,41.99
2025-03-01 00:00:00,INT_104,62,30.46
2025-03-01 01:00:00,INT_101,107,44.99
2025-03-01 01:00:00,INT_102,66,39.23
2025-03-01 01:00:00,INT_103,75,46.93
2025-03-01 01:00:00,INT_104,74,38.08
2025-03-01 02:00:00,INT_101,95,41.14
2025-03-01 02:00:00,INT_102,67,46.8
2025-03-01 02:00:00,INT_103,85,38.29
2025-03-01 02:00:00,INT_104,78,33.48
2025-03-01 03:00:00,INT_101,96,43.06
2025-03-01 03:00:00,INT_102,82,41.2
2025-03-01 03:00:00,INT_103,92,49.45
2025-03-01 03:00:00,INT_104,58,31.42
2025-03-01 04:00:00,INT_101,114,40.55
2025-03-01 04:00:00,INT_102,74,40.31
2025-03-01 04:00:00,INT_103,94,47.78
2025-03-01 04:00:00,INT_104,74,43.34
2025-03-01 05:00:00,INT_101,113,38.31
2025-03-01 05:00:00,INT_102,76,44.94
2025-03-01 05:00:00,INT_103,88,39.93
2025-03-01 05:00:00,INT_104,54,39.93
2025-03-01 06:00:00,INT_101,104,41.98
2025-03-01 06:00:00,INT_102,72,51.69
2025-03-01 06:00:00,INT_103,89,42.8
2025-03-01 06:00:00,INT_104,67,47.56
2025-03-01 07:00:00,INT_101,161,40.48
2025-03-01 07:00:00,INT_102,153,45.74
2025-03-01 07:00:00,INT_103,147,43.09
2025-03-01 07:00:00,INT_104,143,35.68
2025-03-01 08:00:00,INT_101,168,37.78
2025-03-01 08:00:00,INT_102,145,46.79
2025-03-01 08:00:00,INT_103,161,40.6
2025-03-01 08:00:00,INT_104,143,31.52
2025-03-01 09:00:00,INT_101,167,30.99
2025-03-01 09:00:00,INT_102,164,26.71
2025-03-01 09:00:00,INT_103,148,45.93
2025-03-01 09:00:00,INT_104,135,44.06
2025-03-01 10:00:00,INT_101,113,43.63
2025-03-01 10:00:00,INT_102,75,39.22
2025-03-01 10:00:00,INT_103,77,37.11
2025-03-01 10:00:00,INT_104,65,43.98
2025-03-01 11:00:00,INT_101,109,33.67
2025-03-01 11:00:00,INT_102,69,43.0
2025-03-01 11:00:00,INT_103,90,33.57
2025-03-01 11:00:00,INT_104,80,35.58
2025-03-01 12:00:00,INT_101,130,36.85
2025-03-01 12:00:00,INT_102,106,52.94
2025-03-01 12:00:00,INT_103,104,37.39
2025-03-01 12:00:00,INT_104,90,39.22
2025-03-01 13:00:00,INT_101,113,41.5
2025-03-01 13:00:00,INT_102,117,43.58
2025-03-01 13:00:00,INT_103,105,46.92
2025-03-01 13:00:00,INT_104,89,27.53
2025-03-01 14:00:00,INT_101,107,52.78
2025-03-01 14:00:00,INT_102,91,34.13
2025-03-01 14:00:00,INT_103,74,38.33
2025-03-01 14:00:00,INT_104,62,46.94
2025-03-01 15:00:00,INT_101,111,30.31
2025-03-01 15:00:00,INT_102,92,49.49
2025-03-01 15:00:00,INT_103,69,40.81
2025-03-01 15:00:00,INT_104,72,47.51
2025-03-01 16:00:00,INT_101,99,33.95
2025-03-01 16:00:00,INT_102,63,39.44
2025-03-01 16:00:00,INT_103,74,37.55
2025-03-01 16:00:00,INT_104,76,38.84
2025-03-01 17:00:00,INT_101,189,33.17
2025-03-01 17:00:00,INT_102,171,33.2
2025-03-01 17:00:00,INT_103,158,43.84
2025-03-01 17:00:00,INT_104,159,38.72
2025-03-01 18:00:00,INT_101,192,31.86
2025-03-01 18:00:00,INT_102,178,32.13
2025-03-01 18:00:00,INT_103,172,34.19
2025-03-01 18:00:00,INT_104,162,37.35
2025-03-01 19:00:00,INT_101,195,40.37
2025-03-01 19:00:00,INT_102,169,23.73
2025-03-01 19:00:00,INT_103,181,32.27
2025-03-01 19:00:00,INT_104,171,46.27
2025-03-01 20:00:00,INT_101,96,45.69
2025-03-01 20:00:00,INT_102,79,43.5
2025-03-01 20:00:00,INT_103,85,26.71
2025-03-01 20:00:00,INT_104,56,39.29
2025-03-01 21:00:00,INT_101,110,47.54
2025-03-01 21:00:00,INT_102,72,40.02
2025-03-01 21:00:00,INT_103,109,42.73
2025-03-01 21:00:00,INT_104,71,35.72
2025-03-01 22:00:00,INT_101,94,37.16
2025-03-01 22:00:00,INT_102,82,35.59
2025-03-01 22:00:00,INT_103,83,42.57
2025-03-01 22:00:00,INT_104,82,46.99
2025-03-01 23:00:00,INT_101,99,42.71
2025-03-01 23:00:00,INT_102,80,39.08
2025-03-01 23:00:00,INT_103,74,50.65
2025-03-01 23:00:00,INT_104,78,43.16
2025-03-02 00:00:00,INT_101,97,35.95
2025-03-02 00:00:00,INT_102,75,37.61
2025-03-02 00:00:00,INT_103,94,33.9
2025-03-02 00:00:00,INT_104,64,37.66
2025-03-02 01:00:00,INT_101,101,33.96
2025-03-02 01:00:00,INT_102,81,43.36
2025-03-02 01:00:00,INT_103,77,50.52
2025-03-02 01:00:00,INT_104,62,32.74
2025-03-02 02:00:00,INT_101,117,47.36
2025-03-02 02:00:00,INT_102,81,43.54
2025-03-02 02:00:00,INT_103,81,36.26
2025-03-02 02:00:00,INT_104,65,48.76
2025-03-02 03:00:00,INT_101,105,31.76
2025-03-02 03:00:00,INT_102,82,30.9
2025-03-02 03:00:00,INT_103,72,37.59
2025-03-02 03:00:00,INT_104,67,48.15
2025-03-02 04:00:00,INT_101,99,54.77
2025-03-02 04:00:00,INT_102,82,44.93
2025-03-02 04:00:00,INT_103,73,40.57
2025-03-02 04:00:00,INT_104,67,39.95
2025-03-02 05:00:00,INT_101,100,42.94
2025-03-02 05:00:00,INT_102,84,44.02
2025-03-02 05:00:00,INT_103,81,45.34
2025-03-02 05:00:00,INT_104,69,37.27
2025-03-02 06:00:00,INT_101,103,50.38
2025-03-02 06:00:00,INT_102,76,43.26
2025-03-02 06:00:00,INT_103,80,44.6
2025-03-02 06:00:00,INT_104,80,34.6
2025-03-02 07:00:00,INT_101,167,27.38
2025-03-02 07:00:00,INT_102,146,50.38
2025-03-02 07:00:00,INT_103,164,25.87
2025-03-02 07:00:00,INT_104,123,46.65
2025-03-02 08:00:00,INT_101,174,22.47
2025-03-02 08:00:00,INT_102,152,40.06
2025-03-02 08:00:00,INT_103,140,46.88
2025-03-02 08:00:00,INT_104,146,28.34
2025-03-02 09:00:00,INT_101,186,42.31
2025-03-02 09:00:00,INT_102,158,25.4
2025-03-02 09:00:00,INT_103,157,35.68
2025-03-02 09:00:00,INT_104,142,42.37
2025-03-02 10:00:00,INT_101,98,37.26
2025-03-02 10:00:00,INT_102,76,36.09
2025-03-02 10:00:00,INT_103,64,38.97
2025-03-02 10:00:00,INT_104,78,33.88
2025-03-02 11:00:00,INT_101,104,38.69
2025-03-02 11:00:00,INT_102,61,50.46
2025-03-02 11:00:00,INT_103,79,33.12
2025-03-02 11:00:00,INT_104,62,38.56
2025-03-02 12:00:00,INT_101,136,41.87
2025-03-02 12:00:00,INT_102,104,44.45
2025-03-02 12:00:00,INT_103,105,40.09
2025-03-02 12:00:00,INT_104,113,42.23
2025-03-02 13:00:00,INT_101,110,48.83
2025-03-02 13:00:00,INT_102,108,38.8
2025-03-02 13:00:00,INT_103,107,35.89
2025-03-02 13:00:00,INT_104,102,31.64
2025-03-02 14:00:00,INT_101,105,36.94
2025-03-02 14:00:00,INT_102,74,42.18
2025-03-02 14:00:00,INT_103,97,39.46
2025-03-02 14:00:00,INT_104,61,46.87
2025-03-02 15:00:00,INT_101,102,33.74
2025-03-02 15:00:00,INT_102,86,41.54
2025-03-02 15:00:00,INT_103,89,43.98
2025-03-02 15:00:00,INT_104,72,46.52
2025-03-02 16:00:00,INT_101,102,44.83
2025-03-02 16:00:00,INT_102,62,42.39
2025-03-02 16:00:00,INT_103,73,44.92
2025-03-02 16:00:00,INT_104,70,39.5
2025-03-02 17:00:00,INT_101,192,34.66
2025-03-02 17:00:00,INT_102,170,36.47
2025-03-02 17:00:00,INT_103,158,38.98
2025-03-02 17:00:00,INT_104,159,35.46
2025-03-02 18:00:00,INT_101,186,38.92
2025-03-02 18:00:00,INT_102,168,39.43
2025-03-02 18:00:00,INT_103,179,32.16
2025-03-02 18:00:00,INT_104,166,29.24
2025-03-02 19:00:00,INT_101,189,29.21
2025-03-02 19:00:00,INT_102,163,36.07
2025-03-02 19:00:00,INT_103,173,22.42
2025-03-02 19:00:00,INT_104,162,24.92
2025-03-02 20:00:00,INT_101,106,30.47
2025-03-02 20:00:00,INT_102,79,51.06
2025-03-02 20:00:00,INT_103,81,54.21
2025-03-02 20:00:00,INT_104,60,43.49
2025-03-02 21:00:00,INT_101,106,40.55
2025-03-02 21:00:00,INT_102,78,42.18
2025-03-02 21:00:00,INT_103,84,48.21
2025-03-02 21:00:00,INT_104,90,42.5
2025-03-02 22:00:00,INT_101,88,44.57
2025-03-02 22:00:00,INT_102,86,39.89
2025-03-02 22:00:00,INT_103,72,44.05
2025-03-02 22:00:00,INT_104,73,43.6
2025-03-02 23:00:00,INT_101,106,43.65
2025-03-02 23:00:00,INT_102,104,42.75
2025-03-02 23:00:00,INT_103,81,38.63
2025-03-02 23:00:00,INT_104,62,45.86
=======
datetime,intersection_id,vehicles_count,avg_speed
2025-02-01 00:00:00,INT_101,97,45.89
2025-02-01 00:00:00,INT_102,79,44.36
2025-02-01 00:00:00,INT_103,98,42.13
2025-02-01 00:00:00,INT_104,69,42.41
2025-02-01 01:00:00,INT_101,105,29.84
2025-02-01 01:00:00,INT_102,73,48.78
2025-02-01 01:00:00,INT_103,71,33.73
2025-02-01 01:00:00,INT_104,80,46.19
2025-02-01 02:00:00,INT_101,102,37.92
2025-02-01 02:00:00,INT_102,74,41.74
2025-02-01 02:00:00,INT_103,89,47.37
2025-02-01 02:00:00,INT_104,81,40.53
2025-02-01 03:00:00,INT_101,104,35.77
2025-02-01 03:00:00,INT_102,82,62.23
2025-02-01 03:00:00,INT_103,67,33.49
2025-02-01 03:00:00,INT_104,63,37.26
2025-02-01 04:00:00,INT_101,109,43.54
2025-02-01 04:00:00,INT_102,81,40.14
2025-02-01 04:00:00,INT_103,78,26.07
2025-02-01 04:00:00,INT_104,63,38.3
2025-02-01 05:00:00,INT_101,100,42.36
2025-02-01 05:00:00,INT_102,94,41.79
2025-02-01 05:00:00,INT_103,85,46.75
2025-02-01 05:00:00,INT_104,73,36.06
2025-02-01 06:00:00,INT_101,105,32.7
2025-02-01 06:00:00,INT_102,85,37.3
2025-02-01 06:00:00,INT_103,73,36.01
2025-02-01 06:00:00,INT_104,82,47.79
2025-02-01 07:00:00,INT_101,167,36.85
2025-02-01 07:00:00,INT_102,151,24.87
2025-02-01 07:00:00,INT_103,157,35.57
2025-02-01 07:00:00,INT_104,133,41.54
2025-02-01 08:00:00,INT_101,178,34.05
2025-02-01 08:00:00,INT_102,147,41.26
2025-02-01 08:00:00,INT_103,144,39.32
2025-02-01 08:00:00,INT_104,123,35.11
2025-02-01 09:00:00,INT_101,181,37.62
2025-02-01 09:00:00,INT_102,165,41.07
2025-02-01 09:00:00,INT_103,163,22.93
2025-02-01 09:00:00,INT_104,151,19.26
2025-02-01 10:00:00,INT_101,110,51.98
2025-02-01 10:00:00,INT_102,78,37.6
2025-02-01 10:00:00,INT_103,78,43.1
2025-02-01 10:00:00,INT_104,73,37.62
2025-02-01 11:00:00,INT_101,87,40.58
2025-02-01 11:00:00,INT_102,79,30.03
2025-02-01 11:00:00,INT_103,73,42.01
2025-02-01 11:00:00,INT_104,73,49.03
2025-02-01 12:00:00,INT_101,118,44.68
2025-02-01 12:00:00,INT_102,102,38.73
2025-02-01 12:00:00,INT_103,114,35.25
2025-02-01 12:00:00,INT_104,105,44.17
2025-02-01 13:00:00,INT_101,137,41.87
2025-02-01 13:00:00,INT_102,112,48.87
2025-02-01 13:00:00,INT_103,110,39.96
2025-02-01 13:00:00,INT_104,99,48.74
2025-02-01 14:00:00,INT_101,108,37.81
2025-02-01 14:00:00,INT_102,81,42.54
2025-02-01 14:00:00,INT_103,72,32.51
2025-02-01 14:00:00,INT_104,63,31.54
2025-02-01 15:00:00,INT_101,97,37.25
2025-02-01 15:00:00,INT_102,79,49.63
2025-02-01 15:00:00,INT_103,79,20.68
2025-02-01 15:00:00,INT_104,85,39.17
2025-02-01 16:00:00,INT_101,99,47.23
2025-02-01 16:00:00,INT_102,79,36.96
2025-02-01 16:00:00,INT_103,82,44.05
2025-02-01 16:00:00,INT_104,64,52.11
2025-02-01 17:00:00,INT_101,202,29.7
2025-02-01 17:00:00,INT_102,177,38.11
2025-02-01 17:00:00,INT_103,154,34.96
2025-02-01 17:00:00,INT_104,159,36.12
2025-02-01 18:00:00,INT_101,184,10.31
2025-02-01 18:00:00,INT_102,196,36.12
2025-02-01 18:00:00,INT_103,174,31.54
2025-02-01 18:00:00,INT_104,158,32.72
2025-02-01 19:00:00,INT_101,190,35.86
2025-02-01 19:00:00,INT_102,154,37.93
2025-02-01 19:00:00,INT_103,169,34.03
2025-02-01 19:00:00,INT_104,150,41.36
2025-02-01 20:00:00,INT_101,100,37.8
2025-02-01 20:00:00,INT_102,65,42.14
2025-02-01 20:00:00,INT_103,87,40.48
2025-02-01 20:00:00,INT_104,75,39.85
2025-02-01 21:00:00,INT_101,106,49.14
2025-02-01 21:00:00,INT_102,72,28.94
2025-02-01 21:00:00,INT_103,81,39.36
2025-02-01 21:00:00,INT_104,66,30.52
2025-02-01 22:00:00,INT_101,93,39.25
2025-02-01 22:00:00,INT_102,89,38.45
2025-02-01 22:00:00,INT_103,89,31.52
2025-02-01 22:00:00,INT_104,61,53.08
2025-02-01 23:00:00,INT_101,100,47.29
2025-02-01 23:00:00,INT_102,81,45.76
2025-02-01 23:00:00,INT_103,79,40.72
2025-02-01 23:00:00,INT_104,68,46.01
2025-02-02 00:00:00,INT_101,89,39.07
2025-02-02 00:00:00,INT_102,84,47.23
2025-02-02 00:00:00,INT_103,78,30.78
2025-02-02 00:00:00,INT_104,67,43.41
2025-02-02 01:00:00,INT_101,103,44.03
2025-02-02 01:00:00,INT_102,93,39.24
2025-02-02 01:00:00,INT_103,87,48.23
2025-02-02 01:00:00,INT_104,58,39.33
2025-02-02 02:00:00,INT_101,106,44.48
2025-02-02 02:00:00,INT_102,71,23.81
2025-02-02 02:00:00,INT_103,80,42.66
2025-02-02 02:00:00,INT_104,76,53.29
2025-02-02 03:00:00,INT_101,99,42.33
2025-02-02 03:00:00,INT_102,61,35.93
2025-02-02 03:00:00,INT_103,76,39.99
2025-02-02 03:00:00,INT_104,59,25.82
2025-02-02 04:00:00,INT_101,102,32.81
2025-02-02 04:00:00,INT_102,63,43.19
2025-02-02 04:00:00,INT_103,82,40.47
2025-02-02 04:00:00,INT_104,57,42.66
2025-02-02 05:00:00,INT_101,101,40.46
2025-02-02 05:00:00,INT_102,85,42.59
2025-02-02 05:00:00,INT_103,73,46.88
2025-02-02 05:00:00,INT_104,67,38.06
2025-02-02 06:00:00,INT_101,85,31.98
2025-02-02 06:00:00,INT_102,76,49.89
2025-02-02 06:00:00,INT_103,78,31.48
2025-02-02 06:00:00,INT_104,57,41.88
2025-02-02 07:00:00,INT_101,170,30.71
2025-02-02 07:00:00,INT_102,164,38.99
2025-02-02 07:00:00,INT_103,151,34.11
2025-02-02 07:00:00,INT_104,152,45.77
2025-02-02 08:00:00,INT_101,167,30.69
2025-02-02 08:00:00,INT_102,144,36.14
2025-02-02 08:00:00,INT_103,154,31.63
2025-02-02 08:00:00,INT_104,120,31.86
2025-02-02 09:00:00,INT_101,154,45.81
2025-02-02 09:00:00,INT_102,159,38.2
2025-02-02 09:00:00,INT_103,149,48.39
2025-02-02 09:00:00,INT_104,146,50.13
2025-02-02 10:00:00,INT_101,91,28.67
2025-02-02 10:00:00,INT_102,91,47.63
2025-02-02 10:00:00,INT_103,72,43.33
2025-02-02 10:00:00,INT_104,53,50.68
2025-02-02 11:00:00,INT_101,113,42.49
2025-02-02 11:00:00,INT_102,60,41.85
2025-02-02 11:00:00,INT_103,77,43.72
2025-02-02 11:00:00,INT_104,66,35.98
2025-02-02 12:00:00,INT_101,127,47.91
2025-02-02 12:00:00,INT_102,113,43.0
2025-02-02 12:00:00,INT_103,107,45.09
2025-02-02 12:00:00,INT_104,102,35.87
2025-02-02 13:00:00,INT_101,133,41.2
2025-02-02 13:00:00,INT_102,109,45.04
2025-02-02 13:00:00,INT_103,103,31.22
2025-02-02 13:00:00,INT_104,112,42.91
2025-02-02 14:00:00,INT_101,94,45.54
2025-02-02 14:00:00,INT_102,86,48.4
2025-02-02 14:00:00,INT_103,79,43.38
2025-02-02 14:00:00,INT_104,70,46.91
2025-02-02 15:00:00,INT_101,97,40.67
2025-02-02 15:00:00,INT_102,78,34.89
2025-02-02 15:00:00,INT_103,85,48.44
2025-02-02 15:00:00,INT_104,66,38.65
2025-02-02 16:00:00,INT_101,100,29.54
2025-02-02 16:00:00,INT_102,81,47.0
2025-02-02 16:00:00,INT_103,104,37.93
2025-02-02 16:00:00,INT_104,65,47.65
2025-02-02 17:00:00,INT_101,196,50.98
2025-02-02 17:00:00,INT_102,159,29.2
2025-02-02 17:00:00,INT_103,196,45.1
2025-02-02 17:00:00,INT_104,150,40.56
2025-02-02 18:00:00,INT_101,195,37.62
2025-02-02 18:00:00,INT_102,177,37.85
2025-02-02 18:00:00,INT_103,166,42.56
2025-02-02 18:00:00,INT_104,148,47.93
2025-02-02 19:00:00,INT_101,194,32.39
2025-02-02 19:00:00,INT_102,179,31.97
2025-02-02 19:00:00,INT_103,160,36.35
2025-02-02 19:00:00,INT_104,155,37.39
2025-02-02 20:00:00,INT_101,95,36.94
2025-02-02 20:00:00,INT_102,78,39.98
2025-02-02 20:00:00,INT_103,90,47.24
2025-02-02 20:00:00,INT_104,70,41.5
2025-02-02 21:00:00,INT_101,108,34.34
2025-02-02 21:00:00,INT_102,73,51.94
2025-02-02 21:00:00,INT_103,80,41.36
2025-02-02 21:00:00,INT_104,72,29.95
2025-02-02 22:00:00,INT_101,95,32.66
2025-02-02 22:00:00,INT_102,79,34.86
2025-02-02 22:00:00,INT_103,77,45.02
2025-02-02 22:00:00,INT_104,81,38.9
2025-02-02 23:00:00,INT_101,92,34.58
2025-02-02 23:00:00,INT_102,80,42.84
2025-02-02 23:00:00,INT_103,80,36.77
2025-02-02 23:00:00,INT_104,61,38.26
2025-02-03 00:00:00,INT_101,97,46.01
2025-02-03 00:00:00,INT_102,83,45.04
2025-02-03 00:00:00,INT_103,70,46.81
2025-02-03 00:00:00,INT_104,56,43.81
2025-02-03 01:00:00,INT_101,109,40.21
2025-02-03 01:00:00,INT_102,81,35.42
2025-02-03 01:00:00,INT_103,77,38.17
2025-02-03 01:00:00,INT_104,60,32.53
2025-02-03 02:00:00,INT_101,109,42.54
2025-02-03 02:00:00,INT_102,77,47.13
2025-02-03 02:00:00,INT_103,93,40.87
2025-02-03 02:00:00,INT_104,63,47.83
2025-02-03 03:00:00,INT_101,103,38.38
2025-02-03 03:00:00,INT_102,91,38.51
2025-02-03 03:00:00,INT_103,95,44.86
2025-02-03 03:00:00,INT_104,62,33.58
2025-02-03 04:00:00,INT_101,96,37.69
2025-02-03 04:00:00,INT_102,89,40.53
2025-02-03 04:00:00,INT_103,92,34.13
2025-02-03 04:00:00,INT_104,62,38.23
2025-02-03 05:00:00,INT_101,97,47.86
2025-02-03 05:00:00,INT_102,67,32.26
2025-02-03 05:00:00,INT_103,93,35.4
2025-02-03 05:00:00,INT_104,80,43.18
2025-02-03 06:00:00,INT_101,101,49.37
2025-02-03 06:00:00,INT_102,81,29.63
2025-02-03 06:00:00,INT_103,71,41.33
2025-02-03 06:00:00,INT_104,74,35.45
2025-02-03 07:00:00,INT_101,171,50.29
2025-02-03 07:00:00,INT_102,160,28.06
2025-02-03 07:00:00,INT_103,151,26.18
2025-02-03 07:00:00,INT_104,151,28.22
2025-02-03 08:00:00,INT_101,178,34.74
2025-02-03 08:00:00,INT_102,159,46.44
2025-02-03 08:00:00,INT_103,147,38.34
2025-02-03 08:00:00,INT_104,165,34.31
2025-02-03 09:00:00,INT_101,162,30.77
2025-02-03 09:00:00,INT_102,139,38.32
2025-02-03 09:00:00,INT_103,159,39.01
2025-02-03 09:00:00,INT_104,153,31.06
2025-02-03 10:00:00,INT_101,108,38.54
2025-02-03 10:00:00,INT_102,85,32.8
2025-02-03 10:00:00,INT_103,63,33.67
2025-02-03 10:00:00,INT_104,63,46.39
2025-02-03 11:00:00,INT_101,97,44.79
2025-02-03 11:00:00,INT_102,74,46.85
2025-02-03 11:00:00,INT_103,77,44.2
2025-02-03 11:00:00,INT_104,68,48.56
2025-02-03 12:00:00,INT_101,130,37.29
2025-02-03 12:00:00,INT_102,108,37.21
2025-02-03 12:00:00,INT_103,118,34.48
2025-02-03 12:00:00,INT_104,108,38.5
2025-02-03 13:00:00,INT_101,133,46.47
2025-02-03 13:00:00,INT_102,97,40.57
2025-02-03 13:00:00,INT_103,104,41.72
2025-02-03 13:00:00,INT_104,93,49.28
2025-02-03 14:00:00,INT_101,81,37.03
2025-02-03 14:00:00,INT_102,67,34.82
2025-02-03 14:00:00,INT_103,87,36.85
2025-02-03 14:00:00,INT_104,72,34.84
2025-02-03 15:00:00,INT_101,94,44.03
2025-02-03 15:00:00,INT_102,89,36.08
2025-02-03 15:00:00,INT_103,87,37.29
2025-02-03 15:00:00,INT_104,65,46.33
2025-02-03 16:00:00,INT_101,99,43.35
2025-02-03 16:00:00,INT_102,70,39.64
2025-02-03 16:00:00,INT_103,92,38.77
2025-02-03 16:00:00,INT_104,50,51.64
2025-02-03 17:00:00,INT_101,194,36.53
2025-02-03 17:00:00,INT_102,170,29.66
2025-02-03 17:00:00,INT_103,168,32.03
2025-02-03 17:00:00,INT_104,180,37.98
2025-02-03 18:00:00,INT_101,183,36.87
2025-02-03 18:00:00,INT_102,184,31.42
2025-02-03 18:00:00,INT_103,148,36.28
2025-02-03 18:00:00,INT_104,167,33.4
2025-02-03 19:00:00,INT_101,185,30.97
2025-02-03 19:00:00,INT_102,182,27.2
2025-02-03 19:00:00,INT_103,161,32.07
2025-02-03 19:00:00,INT_104,166,34.77
2025-02-03 20:00:00,INT_101,97,43.44
2025-02-03 20:00:00,INT_102,90,44.43
2025-02-03 20:00:00,INT_103,91,36.94
2025-02-03 20:00:00,INT_104,78,47.05
2025-02-03 21:00:00,INT_101,100,35.67
2025-02-03 21:00:00,INT_102,63,42.5
2025-02-03 21:00:00,INT_103,79,41.24
2025-02-03 21:00:00,INT_104,64,53.24
2025-02-03 22:00:00,INT_101,115,44.91
2025-02-03 22:00:00,INT_102,69,31.56
2025-02-03 22:00:00,INT_103,87,41.95
2025-02-03 22:00:00,INT_104,58,38.99
2025-02-03 23:00:00,INT_101,94,43.72
2025-02-03 23:00:00,INT_102,84,46.42
2025-02-03 23:00:00,INT_103,86,40.57
2025-02-03 23:00:00,INT_104,69,49.3
2025-02-04 00:00:00,INT_101,103,34.93
2025-02-04 00:00:00,INT_102,70,40.65
2025-02-04 00:00:00,INT_103,76,38.98
2025-02-04 00:00:00,INT_104,62,47.16
2025-02-04 01:00:00,INT_101,97,32.03
2025-02-04 01:00:00,INT_102,95,39.39
2025-02-04 01:00:00,INT_103,89,47.33
2025-02-04 01:00:00,INT_104,57,36.54
2025-02-04 02:00:00,INT_101,99,32.36
2025-02-04 02:00:00,INT_102,91,47.41
2025-02-04 02:00:00,INT_103,88,42.42
2025-02-04 02:00:00,INT_104,73,47.85
2025-02-04 03:00:00,INT_101,105,41.55
2025-02-04 03:00:00,INT_102,78,49.33
2025-02-04 03:00:00,INT_103,80,40.46
2025-02-04 03:00:00,INT_104,64,42.64
2025-02-04 04:00:00,INT_101,99,55.78
2025-02-04 04:00:00,INT_102,79,48.95
2025-02-04 04:00:00,INT_103,90,27.69
2025-02-04 04:00:00,INT_104,67,36.68
2025-02-04 05:00:00,INT_101,112,39.61
2025-02-04 05:00:00,INT_102,78,46.63
2025-02-04 05:00:00,INT_103,60,42.87
2025-02-04 05:00:00,INT_104,67,36.67
2025-02-04 06:00:00,INT_101,83,45.07
2025-02-04 06:00:00,INT_102,82,46.25
2025-02-04 06:00:00,INT_103,86,35.14
2025-02-04 06:00:00,INT_104,64,38.71
2025-02-04 07:00:00,INT_101,166,37.97
2025-02-04 07:00:00,INT_102,144,40.41
2025-02-04 07:00:00,INT_103,148,30.99
2025-02-04 07:00:00,INT_104,140,32.47
2025-02-04 08:00:00,INT_101,167,40.47
2025-02-04 08:00:00,INT_102,151,45.35
2025-02-04 08:00:00,INT_103,174,30.25
2025-02-04 08:00:00,INT_104,128,33.58
2025-02-04 09:00:00,INT_101,155,33.16
2025-02-04 09:00:00,INT_102,160,39.02
2025-02-04 09:00:00,INT_103,143,34.55
2025-02-04 09:00:00,INT_104,140,48.61
2025-02-04 10:00:00,INT_101,97,57.87
2025-02-04 10:00:00,INT_102,83,38.73
2025-02-04 10:00:00,INT_103,79,36.54
2025-02-04 10:00:00,INT_104,67,45.84
2025-02-04 11:00:00,INT_101,100,49.16
2025-02-04 11:00:00,INT_102,62,33.69
2025-02-04 11:00:00,INT_103,73,47.31
2025-02-04 11:00:00,INT_104,75,36.17
2025-02-04 12:00:00,INT_101,135,46.35
2025-02-04 12:00:00,INT_102,117,49.13
2025-02-04 12:00:00,INT_103,95,41.02
2025-02-04 12:00:00,INT_104,87,42.18
2025-02-04 13:00:00,INT_101,130,40.92
2025-02-04 13:00:00,INT_102,104,47.24
2025-02-04 13:00:00,INT_103,105,45.81
2025-02-04 13:00:00,INT_104,96,23.88
2025-02-04 14:00:00,INT_101,104,32.61
2025-02-04 14:00:00,INT_102,82,43.36
2025-02-04 14:00:00,INT_103,68,38.24
2025-02-04 14:00:00,INT_104,77,40.36
2025-02-04 15:00:00,INT_101,95,41.04
2025-02-04 15:00:00,INT_102,104,41.61
2025-02-04 15:00:00,INT_103,85,45.13
2025-02-04 15:00:00,INT_104,58,55.45
2025-02-04 16:00:00,INT_101,100,41.56
2025-02-04 16:00:00,INT_102,88,40.28
2025-02-04 16:00:00,INT_103,86,44.35
2025-02-04 16:00:00,INT_104,64,49.65
2025-02-04 17:00:00,INT_101,187,36.14
2025-02-04 17:00:00,INT_102,157,41.34
2025-02-04 17:00:00,INT_103,165,36.34
2025-02-04 17:00:00,INT_104,167,30.88
2025-02-04 18:00:00,INT_101,174,27.19
2025-02-04 18:00:00,INT_102,170,36.11
2025-02-04 18:00:00,INT_103,183,32.87
2025-02-04 18:00:00,INT_104,178,20.87
2025-02-04 19:00:00,INT_101,194,44.39
2025-02-04 19:00:00,INT_102,173,24.65
2025-02-04 19:00:00,INT_103,175,38.8
2025-02-04 19:00:00,INT_104,166,31.05
2025-02-04 20:00:00,INT_101,93,38.82
2025-02-04 20:00:00,INT_102,79,38.62
2025-02-04 20:00:00,INT_103,72,44.69
2025-02-04 20:00:00,INT_104,74,45.28
2025-02-04 21:00:00,INT_101,98,43.14
2025-02-04 21:00:00,INT_102,87,52.83
2025-02-04 21:00:00,INT_103,87,48.83
2025-02-04 21:00:00,INT_104,73,47.29
2025-02-04 22:00:00,INT_101,98,54.6
2025-02-04 22:00:00,INT_102,80,55.54
2025-02-04 22:00:00,INT_103,78,49.47
2025-02-04 22:00:00,INT_104,101,44.92
2025-02-04 23:00:00,INT_101,111,42.64
2025-02-04 23:00:00,INT_102,80,36.61
2025-02-04 23:00:00,INT_103,77,33.49
2025-02-04 23:00:00,INT_104,72,33.71
2025-02-05 00:00:00,INT_101,99,47.4
2025-02-05 00:00:00,INT_102,92,38.56
2025-02-05 00:00:00,INT_103,81,35.48
2025-02-05 00:00:00,INT_104,61,46.87
2025-02-05 01:00:00,INT_101,103,38.58
2025-02-05 01:00:00,INT_102,77,43.52
2025-02-05 01:00:00,INT_103,81,39.29
2025-02-05 01:00:00,INT_104,73,47.82
2025-02-05 02:00:00,INT_101,99,40.35
2025-02-05 02:00:00,INT_102,76,45.85
2025-02-05 02:00:00,INT_103,87,51.8
2025-02-05 02:00:00,INT_104,70,39.61
2025-02-05 03:00:00,INT_101,110,42.32
2025-02-05 03:00:00,INT_102,78,35.78
2025-02-05 03:00:00,INT_103,101,43.12
2025-02-05 03:00:00,INT_104,65,37.31
2025-02-05 04:00:00,INT_101,103,39.65
2025-02-05 04:00:00,INT_102,76,49.31
2025-02-05 04:00:00,INT_103,88,52.88
2025-02-05 04:00:00,INT_104,67,46.21
2025-02-05 05:00:00,INT_101,108,41.84
2025-02-05 05:00:00,INT_102,81,33.92
2025-02-05 05:00:00,INT_103,83,46.46
2025-02-05 05:00:00,INT_104,59,41.3
2025-02-05 06:00:00,INT_101,104,46.87
2025-02-05 06:00:00,INT_102,81,41.2
2025-02-05 06:00:00,INT_103,98,45.59
2025-02-05 06:00:00,INT_104,73,42.42
2025-02-05 07:00:00,INT_101,176,27.36
2025-02-05 07:00:00,INT_102,136,41.21
2025-02-05 07:00:00,INT_103,156,43.03
2025-02-05 07:00:00,INT_104,126,44.16
2025-02-05 08:00:00,INT_101,184,24.38
2025-02-05 08:00:00,INT_102,145,41.2
2025-02-05 08:00:00,INT_103,150,39.64
2025-02-05 08:00:00,INT_104,135,48.0
2025-02-05 09:00:00,INT_101,170,36.36
2025-02-05 09:00:00,INT_102,141,37.19
2025-02-05 09:00:00,INT_103,144,41.83
2025-02-05 09:00:00,INT_104,140,46.85
2025-02-05 10:00:00,INT_101,98,47.14
2025-02-05 10:00:00,INT_102,90,45.37
2025-02-05 10:00:00,INT_103,98,40.62
2025-02-05 10:00:00,INT_104,70,40.05
2025-02-05 11:00:00,INT_101,99,37.4
2025-02-05 11:00:00,INT_102,81,44.25
2025-02-05 11:00:00,INT_103,86,43.88
2025-02-05 11:00:00,INT_104,62,38.95
2025-02-05 12:00:00,INT_101,128,44.29
2025-02-05 12:00:00,INT_102,101,48.44
2025-02-05 12:00:00,INT_103,127,42.06
2025-02-05 12:00:00,INT_104,105,48.17
2025-02-05 13:00:00,INT_101,133,43.68
2025-02-05 13:00:00,INT_102,110,40.57
2025-02-05 13:00:00,INT_103,122,40.89
2025-02-05 13:00:00,INT_104,91,40.35
2025-02-05 14:00:00,INT_101,99,37.5
2025-02-05 14:00:00,INT_102,86,39.28
2025-02-05 14:00:00,INT_103,77,42.62
2025-02-05 14:00:00,INT_104,77,35.13
2025-02-05 15:00:00,INT_101,107,42.91
2025-02-05 15:00:00,INT_102,87,46.7
2025-02-05 15:00:00,INT_103,75,37.17
2025-02-05 15:00:00,INT_104,73,44.39
2025-02-05 16:00:00,INT_101,102,31.09
2025-02-05 16:00:00,INT_102,84,37.1
2025-02-05 16:00:00,INT_103,89,37.04
2025-02-05 16:00:00,INT_104,77,40.86
2025-02-05 17:00:00,INT_101,203,37.39
2025-02-05 17:00:00,INT_102,170,47.72
2025-02-05 17:00:00,INT_103,187,49.57
2025-02-05 17:00:00,INT_104,156,21.55
2025-02-05 18:00:00,INT_101,197,35.38
2025-02-05 18:00:00,INT_102,172,44.89
2025-02-05 18:00:00,INT_103,186,28.9
2025-02-05 18:00:00,INT_104,166,31.88
2025-02-05 19:00:00,INT_101,208,43.9
2025-02-05 19:00:00,INT_102,160,24.83
2025-02-05 19:00:00,INT_103,190,32.74
2025-02-05 19:00:00,INT_104,160,36.51
2025-02-05 20:00:00,INT_101,102,37.16
2025-02-05 20:00:00,INT_102,84,36.39
2025-02-05 20:00:00,INT_103,79,31.79
2025-02-05 20:00:00,INT_104,88,38.0
2025-02-05 21:00:00,INT_101,99,31.79
2025-02-05 21:00:00,INT_102,74,39.71
2025-02-05 21:00:00,INT_103,62,39.72
2025-02-05 21:00:00,INT_104,55,45.44
2025-02-05 22:00:00,INT_101,102,44.1
2025-02-05 22:00:00,INT_102,65,47.49
2025-02-05 22:00:00,INT_103,79,53.0
2025-02-05 22:00:00,INT_104,65,40.33
2025-02-05 23:00:00,INT_101,107,49.48
2025-02-05 23:00:00,INT_102,75,39.05
2025-02-05 23:00:00,INT_103,80,40.14
2025-02-05 23:00:00,INT_104,64,40.7
2025-02-06 00:00:00,INT_101,97,50.29
2025-02-06 00:00:00,INT_102,88,49.43
2025-02-06 00:00:00,INT_103,85,44.45
2025-02-06 00:00:00,INT_104,73,41.12
2025-02-06 01:00:00,INT_101,101,36.0
2025-02-06 01:00:00,INT_102,72,41.58
2025-02-06 01:00:00,INT_103,69,53.64
2025-02-06 01:00:00,INT_104,67,38.4
2025-02-06 02:00:00,INT_101,114,38.1
2025-02-06 02:00:00,INT_102,78,32.68
2025-02-06 02:00:00,INT_103,67,37.11
2025-02-06 02:00:00,INT_104,77,37.61
2025-02-06 03:00:00,INT_101,116,42.59
2025-02-06 03:00:00,INT_102,76,42.55
2025-02-06 03:00:00,INT_103,84,47.24
2025-02-06 03:00:00,INT_104,85,47.62
2025-02-06 04:00:00,INT_101,84,30.36
2025-02-06 04:00:00,INT_102,71,46.79
2025-02-06 04:00:00,INT_103,79,34.12
2025-02-06 04:00:00,INT_104,78,39.63
2025-02-06 05:00:00,INT_101,96,35.74
2025-02-06 05:00:00,INT_102,83,39.5
2025-02-06 05:00:00,INT_103,100,46.65
2025-02-06 05:00:00,INT_104,49,42.26
2025-02-06 06:00:00,INT_101,105,45.99
2025-02-06 06:00:00,INT_102,67,35.83
2025-02-06 06:00:00,INT_103,82,42.43
2025-02-06 06:00:00,INT_104,78,32.6
2025-02-06 07:00:00,INT_101,178,35.61
2025-02-06 07:00:00,INT_102,152,36.24
2025-02-06 07:00:00,INT_103,159,22.0
2025-02-06 07:00:00,INT_104,149,37.25
2025-02-06 08:00:00,INT_101,175,41.46
2025-02-06 08:00:00,INT_102,154,34.32
2025-02-06 08:00:00,INT_103,153,31.0
2025-02-06 08:00:00,INT_104,150,32.63
2025-02-06 09:00:00,INT_101,166,43.45
2025-02-06 09:00:00,INT_102,140,53.11
2025-02-06 09:00:00,INT_103,142,50.22
2025-02-06 09:00:00,INT_104,141,51.76
2025-02-06 10:00:00,INT_101,93,42.02
2025-02-06 10:00:00,INT_102,81,41.14
2025-02-06 10:00:00,INT_103,105,36.82
2025-02-06 10:00:00,INT_104,58,30.24
2025-02-06 11:00:00,INT_101,98,40.82
2025-02-06 11:00:00,INT_102,70,50.98
2025-02-06 11:00:00,INT_103,89,39.24
2025-02-06 11:00:00,INT_104,59,38.44
2025-02-06 12:00:00,INT_101,127,40.91
2025-02-06 12:00:00,INT_102,115,41.28
2025-02-06 12:00:00,INT_103,112,42.24
2025-02-06 12:00:00,INT_104,90,35.21
2025-02-06 13:00:00,INT_101,121,33.35
2025-02-06 13:00:00,INT_102,114,46.83
2025-02-06 13:00:00,INT_103,100,45.65
2025-02-06 13:00:00,INT_104,94,52.19
2025-02-06 14:00:00,INT_101,97,45.15
2025-02-06 14:00:00,INT_102,75,43.83
2025-02-06 14:00:00,INT_103,85,35.38
2025-02-06 14:00:00,INT_104,70,39.22
2025-02-06 15:00:00,INT_101,107,54.69
2025-02-06 15:00:00,INT_102,84,31.98
2025-02-06 15:00:00,INT_103,72,45.52
2025-02-06 15:00:00,INT_104,80,47.41
2025-02-06 16:00:00,INT_101,102,47.51
2025-02-06 16:00:00,INT_102,72,37.15
2025-02-06 16:00:00,INT_103,68,44.2
2025-02-06 16:00:00,INT_104,69,49.17
2025-02-06 17:00:00,INT_101,199,38.15
2025-02-06 17:00:00,INT_102,171,32.54
2025-02-06 17:00:00,INT_103,164,35.07
2025-02-06 17:00:00,INT_104,179,36.48
2025-02-06 18:00:00,INT_101,185,24.24
2025-02-06 18:00:00,INT_102,185,30.6
2025-02-06 18:00:00,INT_103,166,31.19
2025-02-06 18:00:00,INT_104,160,19.84
2025-02-06 19:00:00,INT_101,176,24.21
2025-02-06 19:00:00,INT_102,165,42.28
2025-02-06 19:00:00,INT_103,177,36.34
2025-02-06 19:00:00,INT_104,168,29.03
2025-02-06 20:00:00,INT_101,92,31.16
2025-02-06 20:00:00,INT_102,88,37.5
2025-02-06 20:00:00,INT_103,97,37.96
2025-02-06 20:00:00,INT_104,59,37.8
2025-02-06 21:00:00,INT_101,95,46.6
2025-02-06 21:00:00,INT_102,87,46.07
2025-02-06 21:00:00,INT_103,77,42.47
2025-02-06 21:00:00,INT_104,66,31.24
2025-02-06 22:00:00,INT_101,104,44.4
2025-02-06 22:00:00,INT_102,83,31.9
2025-02-06 22:00:00,INT_103,85,41.27
2025-02-06 22:00:00,INT_104,63,53.93
2025-02-06 23:00:00,INT_101,101,50.24
2025-02-06 23:00:00,INT_102,79,38.26
2025-02-06 23:00:00,INT_103,88,45.36
2025-02-06 23:00:00,INT_104,70,43.12
2025-02-07 00:00:00,INT_101,120,38.46
2025-02-07 00:00:00,INT_102,68,51.71
2025-02-07 00:00:00,INT_103,71,38.16
2025-02-07 00:00:00,INT_104,80,44.8
2025-02-07 01:00:00,INT_101,90,41.91
2025-02-07 01:00:00,INT_102,90,46.75
2025-02-07 01:00:00,INT_103,83,44.59
2025-02-07 01:00:00,INT_104,67,37.03
2025-02-07 02:00:00,INT_101,91,45.65
2025-02-07 02:00:00,INT_102,79,35.06
2025-02-07 02:00:00,INT_103,87,48.63
2025-02-07 02:00:00,INT_104,56,36.23
2025-02-07 03:00:00,INT_101,107,37.91
2025-02-07 03:00:00,INT_102,81,41.85
2025-02-07 03:00:00,INT_103,83,36.39
2025-02-07 03:00:00,INT_104,68,47.94
2025-02-07 04:00:00,INT_101,100,46.06
2025-02-07 04:00:00,INT_102,86,49.21
2025-02-07 04:00:00,INT_103,62,40.5
2025-02-07 04:00:00,INT_104,58,26.55
2025-02-07 05:00:00,INT_101,96,26.24
2025-02-07 05:00:00,INT_102,82,57.42
2025-02-07 05:00:00,INT_103,87,49.23
2025-02-07 05:00:00,INT_104,75,45.94
2025-02-07 06:00:00,INT_101,88,52.86
2025-02-07 06:00:00,INT_102,74,42.39
2025-02-07 06:00:00,INT_103,79,47.12
2025-02-07 06:00:00,INT_104,83,47.62
2025-02-07 07:00:00,INT_101,173,30.88
2025-02-07 07:00:00,INT_102,148,37.87
2025-02-07 07:00:00,INT_103,156,40.56
2025-02-07 07:00:00,INT_104,137,35.32
2025-02-07 08:00:00,INT_101,171,37.19
2025-02-07 08:00:00,INT_102,156,36.85
2025-02-07 08:00:00,INT_103,139,54.3
2025-02-07 08:00:00,INT_104,135,45.36
2025-02-07 09:00:00,INT_101,177,35.51
2025-02-07 09:00:00,INT_102,152,22.14
2025-02-07 09:00:00,INT_103,142,37.0
2025-02-07 09:00:00,INT_104,148,38.7
2025-02-07 10:00:00,INT_101,94,43.09
2025-02-07 10:00:00,INT_102,96,37.8
2025-02-07 10:00:00,INT_103,91,42.92
2025-02-07 10:00:00,INT_104,65,37.01
2025-02-07 11:00:00,INT_101,94,37.44
2025-02-07 11:00:00,INT_102,84,41.63
2025-02-07 11:00:00,INT_103,85,50.77
2025-02-07 11:00:00,INT_104,76,44.84
2025-02-07 12:00:00,INT_101,142,40.67
2025-02-07 12:00:00,INT_102,106,46.55
2025-02-07 12:00:00,INT_103,118,44.54
2025-02-07 12:00:00,INT_104,100,42.09
2025-02-07 13:00:00,INT_101,114,32.68
2025-02-07 13:00:00,INT_102,101,36.03
2025-02-07 13:00:00,INT_103,117,47.38
2025-02-07 13:00:00,INT_104,115,33.55
2025-02-07 14:00:00,INT_101,107,43.93
2025-02-07 14:00:00,INT_102,80,50.57
2025-02-07 14:00:00,INT_103,61,41.36
2025-02-07 14:00:00,INT_104,68,48.83
2025-02-07 15:00:00,INT_101,108,41.94
2025-02-07 15:00:00,INT_102,73,43.73
2025-02-07 15:00:00,INT_103,77,38.85
2025-02-07 15:00:00,INT_104,65,43.41
2025-02-07 16:00:00,INT_101,97,41.9
2025-02-07 16:00:00,INT_102,101,35.66
2025-02-07 16:00:00,INT_103,88,36.65
2025-02-07 16:00:00,INT_104,58,52.26
2025-02-07 17:00:00,INT_101,182,29.93
2025-02-07 17:00:00,INT_102,177,45.49
2025-02-07 17:00:00,INT_103,177,37.37
2025-02-07 17:00:00,INT_104,137,39.7
2025-02-07 18:00:00,INT_101,210,27.73
2025-02-07 18:00:00,INT_102,166,28.15
2025-02-07 18:00:00,INT_103,173,33.59
2025-02-07 18:00:00,INT_104,149,31.96
2025-02-07 19:00:00,INT_101,207,41.65
2025-02-07 19:00:00,INT_102,161,30.25
2025-02-07 19:00:00,INT_103,181,31.37
2025-02-07 19:00:00,INT_104,161,33.37
2025-02-07 20:00:00,INT_101,87,51.89
2025-02-07 20:00:00,INT_102,74,44.21
2025-02-07 20:00:00,INT_103,77,44.29
2025-02-07 20:00:00,INT_104,50,32.8
2025-02-07 21:00:00,INT_101,98,41.62
2025-02-07 21:00:00,INT_102,94,46.16
2025-02-07 21:00:00,INT_103,76,42.96
2025-02-07 21:00:00,INT_104,77,50.06
2025-02-07 22:00:00,INT_101,91,33.51
2025-02-07 22:00:00,INT_102,79,41.48
2025-02-07 22:00:00,INT_103,81,39.92
2025-02-07 22:00:00,INT_104,74,34.92
2025-02-07 23:00:00,INT_101,106,42.36
2025-02-07 23:00:00,INT_102,68,44.27
2025-02-07 23:00:00,INT_103,82,50.25
2025-02-07 23:00:00,INT_104,77,42.93
2025-02-08 00:00:00,INT_101,105,36.73
2025-02-08 00:00:00,INT_102,71,49.89
2025-02-08 00:00:00,INT_103,89,48.2
2025-02-08 00:00:00,INT_104,58,36.99
2025-02-08 01:00:00,INT_101,98,44.49
2025-02-08 01:00:00,INT_102,88,48.99
2025-02-08 01:00:00,INT_103,69,40.53
2025-02-08 01:00:00,INT_104,65,38.41
2025-02-08 02:00:00,INT_101,96,39.94
2025-02-08 02:00:00,INT_102,87,37.56
2025-02-08 02:00:00,INT_103,77,50.85
2025-02-08 02:00:00,INT_104,63,41.63
2025-02-08 03:00:00,INT_101,95,28.12
2025-02-08 03:00:00,INT_102,83,47.17
2025-02-08 03:00:00,INT_103,73,40.97
2025-02-08 03:00:00,INT_104,71,40.9
2025-02-08 04:00:00,INT_101,86,43.44
2025-02-08 04:00:00,INT_102,85,48.4
2025-02-08 04:00:00,INT_103,87,42.81
2025-02-08 04:00:00,INT_104,64,41.5
2025-02-08 05:00:00,INT_101,94,39.7
2025-02-08 05:00:00,INT_102,79,39.1
2025-02-08 05:00:00,INT_103,90,32.93
2025-02-08 05:00:00,INT_104,85,40.92
2025-02-08 06:00:00,INT_101,100,41.05
2025-02-08 06:00:00,INT_102,83,37.42
2025-02-08 06:00:00,INT_103,95,35.96
2025-02-08 06:00:00,INT_104,74,43.77
2025-02-08 07:00:00,INT_101,173,31.55
2025-02-08 07:00:00,INT_102,146,42.72
2025-02-08 07:00:00,INT_103,146,40.76
2025-02-08 07:00:00,INT_104,157,31.98
2025-02-08 08:00:00,INT_101,181,35.31
2025-02-08 08:00:00,INT_102,144,46.77
2025-02-08 08:00:00,INT_103,162,30.92
2025-02-08 08:00:00,INT_104,135,39.64
2025-02-08 09:00:00,INT_101,162,37.36
2025-02-08 09:00:00,INT_102,130,37.37
2025-02-08 09:00:00,INT_103,156,32.17
2025-02-08 09:00:00,INT_104,148,44.37
2025-02-08 10:00:00,INT_101,99,48.58
2025-02-08 10:00:00,INT_102,60,40.13
2025-02-08 10:00:00,INT_103,86,39.61
2025-02-08 10:00:00,INT_104,66,41.51
2025-02-08 11:00:00,INT_101,93,45.14
2025-02-08 11:00:00,INT_102,82,42.19
2025-02-08 11:00:00,INT_103,81,34.94
2025-02-08 11:00:00,INT_104,70,43.47
2025-02-08 12:00:00,INT_101,127,39.62
2025-02-08 12:00:00,INT_102,118,44.13
2025-02-08 12:00:00,INT_103,101,38.66
2025-02-08 12:00:00,INT_104,100,43.35
2025-02-08 13:00:00,INT_101,123,43.3
2025-02-08 13:00:00,INT_102,103,38.11
2025-02-08 13:00:00,INT_103,110,39.09
2025-02-08 13:00:00,INT_104,90,40.17
2025-02-08 14:00:00,INT_101,89,42.51
2025-02-08 14:00:00,INT_102,84,39.88
2025-02-08 14:00:00,INT_103,82,45.05
2025-02-08 14:00:00,INT_104,69,49.24
2025-02-08 15:00:00,INT_101,94,39.46
2025-02-08 15:00:00,INT_102,76,38.22
2025-02-08 15:00:00,INT_103,74,44.97
2025-02-08 15:00:00,INT_104,75,42.93
2025-02-08 16:00:00,INT_101,95,37.42
2025-02-08 16:00:00,INT_102,79,46.09
2025-02-08 16:00:00,INT_103,70,32.03
2025-02-08 16:00:00,INT_104,76,52.64
2025-02-08 17:00:00,INT_101,189,31.18
2025-02-08 17:00:00,INT_102,169,40.44
2025-02-08 17:00:00,INT_103,174,44.95
2025-02-08 17:00:00,INT_104,164,18.11
2025-02-08 18:00:00,INT_101,192,47.51
2025-02-08 18:00:00,INT_102,177,41.44
2025-02-08 18:00:00,INT_103,158,35.77
2025-02-08 18:00:00,INT_104,153,37.63
2025-02-08 19:00:00,INT_101,176,33.46
2025-02-08 19:00:00,INT_102,168,38.58
2025-02-08 19:00:00,INT_103,169,29.78
2025-02-08 19:00:00,INT_104,167,32.56
2025-02-08 20:00:00,INT_101,102,41.24
2025-02-08 20:00:00,INT_102,86,35.54
2025-02-08 20:00:00,INT_103,79,34.82
2025-02-08 20:00:00,INT_104,76,51.75
2025-02-08 21:00:00,INT_101,107,39.03
2025-02-08 21:00:00,INT_102,82,49.61
2025-02-08 21:00:00,INT_103,78,45.02
2025-02-08 21:00:00,INT_104,75,30.32
2025-02-08 22:00:00,INT_101,87,53.2
2025-02-08 22:00:00,INT_102,90,45.83
2025-02-08 22:00:00,INT_103,75,42.47
2025-02-08 22:00:00,INT_104,60,47.18
2025-02-08 23:00:00,INT_101,107,34.58
2025-02-08 23:00:00,INT_102,82,33.18
2025-02-08 23:00:00,INT_103,76,43.89
2025-02-08 23:00:00,INT_104,57,41.7
2025-02-09 00:00:00,INT_101,95,38.56
2025-02-09 00:00:00,INT_102,78,35.14
2025-02-09 00:00:00,INT_103,73,40.08
2025-02-09 00:00:00,INT_104,51,44.54
2025-02-09 01:00:00,INT_101,96,41.91
2025-02-09 01:00:00,INT_102,73,43.3
2025-02-09 01:00:00,INT_103,83,21.83
2025-02-09 01:00:00,INT_104,76,41.24
2025-02-09 02:00:00,INT_101,106,50.7
2025-02-09 02:00:00,INT_102,73,51.77
2025-02-09 02:00:00,INT_103,95,41.08
2025-02-09 02:00:00,INT_104,70,38.42
2025-02-09 03:00:00,INT_101,97,34.94
2025-02-09 03:00:00,INT_102,61,44.43
2025-02-09 03:00:00,INT_103,80,52.66
2025-02-09 03:00:00,INT_104,77,43.35
2025-02-09 04:00:00,INT_101,103,35.19
2025-02-09 04:00:00,INT_102,86,40.19
2025-02-09 04:00:00,INT_103,79,36.21
2025-02-09 04:00:00,INT_104,74,42.92
2025-02-09 05:00:00,INT_101,91,38.22
2025-02-09 05:00:00,INT_102,70,37.56
2025-02-09 05:00:00,INT_103,87,38.08
2025-02-09 05:00:00,INT_104,75,35.61
2025-02-09 06:00:00,INT_101,99,40.6
2025-02-09 06:00:00,INT_102,73,44.2
2025-02-09 06:00:00,INT_103,81,37.2
2025-02-09 06:00:00,INT_104,78,40.06
2025-02-09 07:00:00,INT_101,158,39.97
2025-02-09 07:00:00,INT_102,154,37.87
2025-02-09 07:00:00,INT_103,150,33.72
2025-02-09 07:00:00,INT_104,132,38.09
2025-02-09 08:00:00,INT_101,157,15.21
2025-02-09 08:00:00,INT_102,123,46.73
2025-02-09 08:00:00,INT_103,137,42.38
2025-02-09 08:00:00,INT_104,154,27.71
2025-02-09 09:00:00,INT_101,191,33.73
2025-02-09 09:00:00,INT_102,173,36.68
2025-02-09 09:00:00,INT_103,151,27.47
2025-02-09 09:00:00,INT_104,135,48.79
2025-02-09 10:00:00,INT_101,85,44.85
2025-02-09 10:00:00,INT_102,68,45.76
2025-02-09 10:00:00,INT_103,89,41.23
2025-02-09 10:00:00,INT_104,75,36.46
2025-02-09 11:00:00,INT_101,97,35.95
2025-02-09 11:00:00,INT_102,82,41.32
2025-02-09 11:00:00,INT_103,81,38.44
2025-02-09 11:00:00,INT_104,51,46.08
2025-02-09 12:00:00,INT_101,144,57.5
2025-02-09 12:00:00,INT_102,97,40.8
2025-02-09 12:00:00,INT_103,122,40.58
2025-02-09 12:00:00,INT_104,94,31.25
2025-02-09 13:00:00,INT_101,134,23.46
2025-02-09 13:00:00,INT_102,109,36.19
2025-02-09 13:00:00,INT_103,124,35.57
2025-02-09 13:00:00,INT_104,116,47.54
2025-02-09 14:00:00,INT_101,106,40.69
2025-02-09 14:00:00,INT_102,91,38.54
2025-02-09 14:00:00,INT_103,71,51.06
2025-02-09 14:00:00,INT_104,81,44.3
2025-02-09 15:00:00,INT_101,107,41.54
2025-02-09 15:00:00,INT_102,81,37.94
2025-02-09 15:00:00,INT_103,75,33.81
2025-02-09 15:00:00,INT_104,59,38.79
2025-02-09 16:00:00,INT_101,102,38.35
2025-02-09 16:00:00,INT_102,88,47.96
2025-02-09 16:00:00,INT_103,85,45.79
2025-02-09 16:00:00,INT_104,70,30.09
2025-02-09 17:00:00,INT_101,203,31.56
2025-02-09 17:00:00,INT_102,179,33.28
2025-02-09 17:00:00,INT_103,167,36.45
2025-02-09 17:00:00,INT_104,156,45.12
2025-02-09 18:00:00,INT_101,197,34.64
2025-02-09 18:00:00,INT_102,160,32.84
2025-02-09 18:00:00,INT_103,169,29.67
2025-02-09 18:00:00,INT_104,156,33.37
2025-02-09 19:00:00,INT_101,194,41.78
2025-02-09 19:00:00,INT_102,152,29.56
2025-02-09 19:00:00,INT_103,165,38.15
2025-02-09 19:00:00,INT_104,165,26.66
2025-02-09 20:00:00,INT_101,96,52.58
2025-02-09 20:00:00,INT_102,71,38.64
2025-02-09 20:00:00,INT_103,76,36.74
2025-02-09 20:00:00,INT_104,76,32.22
2025-02-09 21:00:00,INT_101,91,36.11
2025-02-09 21:00:00,INT_102,90,40.96
2025-02-09 21:00:00,INT_103,86,31.92
2025-02-09 21:00:00,INT_104,89,41.65
2025-02-09 22:00:00,INT_101,99,35.81
2025-02-09 22:00:00,INT_102,84,46.39
2025-02-09 22:00:00,INT_103,81,31.46
2025-02-09 22:00:00,INT_104,68,46.87
2025-02-09 23:00:00,INT_101,102,46.88
2025-02-09 23:00:00,INT_102,75,46.26
2025-02-09 23:00:00,INT_103,91,39.99
2025-02-09 23:00:00,INT_104,78,47.6
2025-02-10 00:00:00,INT_101,97,33.96
2025-02-10 00:00:00,INT_102,80,52.45
2025-02-10 00:00:00,INT_103,81,38.14
2025-02-10 00:00:00,INT_104,71,45.76
2025-02-10 01:00:00,INT_101,92,53.38
2025-02-10 01:00:00,INT_102,97,38.62
2025-02-10 01:00:00,INT_103,80,35.56
2025-02-10 01:00:00,INT_104,73,41.76
2025-02-10 02:00:00,INT_101,98,32.51
2025-02-10 02:00:00,INT_102,105,30.55
2025-02-10 02:00:00,INT_103,90,34.34
2025-02-10 02:00:00,INT_104,66,44.12
2025-02-10 03:00:00,INT_101,111,37.25
2025-02-10 03:00:00,INT_102,83,42.53
2025-02-10 03:00:00,INT_103,86,47.71
2025-02-10 03:00:00,INT_104,63,41.39
2025-02-10 04:00:00,INT_101,94,42.72
2025-02-10 04:00:00,INT_102,78,57.31
2025-02-10 04:00:00,INT_103,86,36.05
2025-02-10 04:00:00,INT_104,66,29.64
2025-02-10 05:00:00,INT_101,112,44.76
2025-02-10 05:00:00,INT_102,82,43.53
2025-02-10 05:00:00,INT_103,74,35.54
2025-02-10 05:00:00,INT_104,67,34.15
2025-02-10 06:00:00,INT_101,99,38.2
2025-02-10 06:00:00,INT_102,61,54.4
2025-02-10 06:00:00,INT_103,86,39.56
2025-02-10 06:00:00,INT_104,60,45.19
2025-02-10 07:00:00,INT_101,159,47.91
2025-02-10 07:00:00,INT_102,148,45.08
2025-02-10 07:00:00,INT_103,150,36.98
2025-02-10 07:00:00,INT_104,131,33.08
2025-02-10 08:00:00,INT_101,165,37.58
2025-02-10 08:00:00,INT_102,163,43.08
2025-02-10 08:00:00,INT_103,143,33.98
2025-02-10 08:00:00,INT_104,144,39.54
2025-02-10 09:00:00,INT_101,167,26.81
2025-02-10 09:00:00,INT_102,159,39.45
2025-02-10 09:00:00,INT_103,119,39.11
2025-02-10 09:00:00,INT_104,134,37.88
2025-02-10 10:00:00,INT_101,88,44.85
2025-02-10 10:00:00,INT_102,82,43.85
2025-02-10 10:00:00,INT_103,88,48.78
2025-02-10 10:00:00,INT_104,59,36.82
2025-02-10 11:00:00,INT_101,90,44.06
2025-02-10 11:00:00,INT_102,74,38.77
2025-02-10 11:00:00,INT_103,79,44.35
2025-02-10 11:00:00,INT_104,70,36.58
2025-02-10 12:00:00,INT_101,110,39.42
2025-02-10 12:00:00,INT_102,112,51.07
2025-02-10 12:00:00,INT_103,107,30.01
2025-02-10 12:00:00,INT_104,87,36.74
2025-02-10 13:00:00,INT_101,111,40.86
2025-02-10 13:00:00,INT_102,117,34.55
2025-02-10 13:00:00,INT_103,109,44.59
2025-02-10 13:00:00,INT_104,92,38.48
2025-02-10 14:00:00,INT_101,117,47.05
2025-02-10 14:00:00,INT_102,76,34.02
2025-02-10 14:00:00,INT_103,94,33.53
2025-02-10 14:00:00,INT_104,54,30.64
2025-02-10 15:00:00,INT_101,102,36.89
2025-02-10 15:00:00,INT_102,91,38.84
2025-02-10 15:00:00,INT_103,81,54.73
2025-02-10 15:00:00,INT_104,80,35.98
2025-02-10 16:00:00,INT_101,101,47.01
2025-02-10 16:00:00,INT_102,60,44.51
2025-02-10 16:00:00,INT_103,84,46.68
2025-02-10 16:00:00,INT_104,60,42.81
2025-02-10 17:00:00,INT_101,184,35.72
2025-02-10 17:00:00,INT_102,169,19.92
2025-02-10 17:00:00,INT_103,171,29.66
2025-02-10 17:00:00,INT_104,159,35.98
2025-02-10 18:00:00,INT_101,187,27.87
2025-02-10 18:00:00,INT_102,169,30.35
2025-02-10 18:00:00,INT_103,177,31.45
2025-02-10 18:00:00,INT_104,155,29.47
2025-02-10 19:00:00,INT_101,183,33.14
2025-02-10 19:00:00,INT_102,173,34.28
2025-02-10 19:00:00,INT_103,162,31.93
2025-02-10 19:00:00,INT_104,174,30.4
2025-02-10 20:00:00,INT_101,105,43.06
2025-02-10 20:00:00,INT_102,73,48.64
2025-02-10 20:00:00,INT_103,88,36.16
2025-02-10 20:00:00,INT_104,59,38.83
2025-02-10 21:00:00,INT_101,99,55.04
2025-02-10 21:00:00,INT_102,78,30.08
2025-02-10 21:00:00,INT_103,96,40.95
2025-02-10 21:00:00,INT_104,64,46.02
2025-02-10 22:00:00,INT_101,107,41.53
2025-02-10 22:00:00,INT_102,75,44.12
2025-02-10 22:00:00,INT_103,72,36.76
2025-02-10 22:00:00,INT_104,65,38.05
2025-02-10 23:00:00,INT_101,108,42.65
2025-02-10 23:00:00,INT_102,99,53.96
2025-02-10 23:00:00,INT_103,83,44.11
2025-02-10 23:00:00,INT_104,76,40.22
2025-02-11 00:00:00,INT_101,87,40.08
2025-02-11 00:00:00,INT_102,79,51.59
2025-02-11 00:00:00,INT_103,85,31.91
2025-02-11 00:00:00,INT_104,66,37.42
2025-02-11 01:00:00,INT_101,99,39.58
2025-02-11 01:00:00,INT_102,79,39.38
2025-02-11 01:00:00,INT_103,80,43.08
2025-02-11 01:00:00,INT_104,66,35.96
2025-02-11 02:00:00,INT_101,93,49.53
2025-02-11 02:00:00,INT_102,80,49.08
2025-02-11 02:00:00,INT_103,73,45.78
2025-02-11 02:00:00,INT_104,72,37.43
2025-02-11 03:00:00,INT_101,96,47.84
2025-02-11 03:00:00,INT_102,68,47.14
2025-02-11 03:00:00,INT_103,75,39.4
2025-02-11 03:00:00,INT_104,74,39.31
2025-02-11 04:00:00,INT_101,88,43.26
2025-02-11 04:00:00,INT_102,60,42.45
2025-02-11 04:00:00,INT_103,96,30.16
2025-02-11 04:00:00,INT_104,70,28.38
2025-02-11 05:00:00,INT_101,98,41.98
2025-02-11 05:00:00,INT_102,76,37.62
2025-02-11 05:00:00,INT_103,81,39.66
2025-02-11 05:00:00,INT_104,76,33.54
2025-02-11 06:00:00,INT_101,116,49.74
2025-02-11 06:00:00,INT_102,74,53.11
2025-02-11 06:00:00,INT_103,58,29.28
2025-02-11 06:00:00,INT_104,82,53.48
2025-02-11 07:00:00,INT_101,167,22.95
2025-02-11 07:00:00,INT_102,153,34.5
2025-02-11 07:00:00,INT_103,148,42.2
2025-02-11 07:00:00,INT_104,153,44.25
2025-02-11 08:00:00,INT_101,177,25.9
2025-02-11 08:00:00,INT_102,150,34.93
2025-02-11 08:00:00,INT_103,135,43.48
2025-02-11 08:00:00,INT_104,151,31.46
2025-02-11 09:00:00,INT_101,174,39.65
2025-02-11 09:00:00,INT_102,155,29.61
2025-02-11 09:00:00,INT_103,161,30.11
2025-02-11 09:00:00,INT_104,150,44.1
2025-02-11 10:00:00,INT_101,99,30.6
2025-02-11 10:00:00,INT_102,83,42.78
2025-02-11 10:00:00,INT_103,83,42.23
2025-02-11 10:00:00,INT_104,59,42.16
2025-02-11 11:00:00,INT_101,93,44.57
2025-02-11 11:00:00,INT_102,72,48.67
2025-02-11 11:00:00,INT_103,74,46.27
2025-02-11 11:00:00,INT_104,72,41.79
2025-02-11 12:00:00,INT_101,139,46.48
2025-02-11 12:00:00,INT_102,111,49.36
2025-02-11 12:00:00,INT_103,108,48.63
2025-02-11 12:00:00,INT_104,100,44.96
2025-02-11 13:00:00,INT_101,142,51.17
2025-02-11 13:00:00,INT_102,103,36.77
2025-02-11 13:00:00,INT_103,121,46.98
2025-02-11 13:00:00,INT_104,102,42.47
2025-02-11 14:00:00,INT_101,97,38.84
2025-02-11 14:00:00,INT_102,100,35.79
2025-02-11 14:00:00,INT_103,80,37.42
2025-02-11 14:00:00,INT_104,76,34.14
2025-02-11 15:00:00,INT_101,91,41.16
2025-02-11 15:00:00,INT_102,84,47.18
2025-02-11 15:00:00,INT_103,89,45.84
2025-02-11 15:00:00,INT_104,93,38.21
2025-02-11 16:00:00,INT_101,104,47.43
2025-02-11 16:00:00,INT_102,83,41.34
2025-02-11 16:00:00,INT_103,75,37.66
2025-02-11 16:00:00,INT_104,70,43.01
2025-02-11 17:00:00,INT_101,181,26.52
2025-02-11 17:00:00,INT_102,164,31.38
2025-02-11 17:00:00,INT_103,177,30.51
2025-02-11 17:00:00,INT_104,154,34.89
2025-02-11 18:00:00,INT_101,197,41.7
2025-02-11 18:00:00,INT_102,172,37.93
2025-02-11 18:00:00,INT_103,156,42.28
2025-02-11 18:00:00,INT_104,159,32.31
2025-02-11 19:00:00,INT_101,171,27.76
2025-02-11 19:00:00,INT_102,160,41.09
2025-02-11 19:00:00,INT_103,169,21.47
2025-02-11 19:00:00,INT_104,166,38.95
2025-02-11 20:00:00,INT_101,103,36.79
2025-02-11 20:00:00,INT_102,85,32.79
2025-02-11 20:00:00,INT_103,92,44.77
2025-02-11 20:00:00,INT_104,76,33.35
2025-02-11 21:00:00,INT_101,96,39.39
2025-02-11 21:00:00,INT_102,76,42.26
2025-02-11 21:00:00,INT_103,92,41.9
2025-02-11 21:00:00,INT_104,71,53.35
2025-02-11 22:00:00,INT_101,90,37.7
2025-02-11 22:00:00,INT_102,91,33.11
2025-02-11 22:00:00,INT_103,82,34.11
2025-02-11 22:00:00,INT_104,66,33.94
2025-02-11 23:00:00,INT_101,92,41.37
2025-02-11 23:00:00,INT_102,86,47.38
2025-02-11 23:00:00,INT_103,68,48.5
2025-02-11 23:00:00,INT_104,70,33.42
2025-02-12 00:00:00,INT_101,102,27.5
2025-02-12 00:00:00,INT_102,88,48.18
2025-02-12 00:00:00,INT_103,77,39.69
2025-02-12 00:00:00,INT_104,76,41.83
2025-02-12 01:00:00,INT_101,98,44.8
2025-02-12 01:00:00,INT_102,93,37.65
2025-02-12 01:00:00,INT_103,75,45.48
2025-02-12 01:00:00,INT_104,75,40.19
2025-02-12 02:00:00,INT_101,90,38.37
2025-02-12 02:00:00,INT_102,113,31.81
2025-02-12 02:00:00,INT_103,82,39.27
2025-02-12 02:00:00,INT_104,52,54.21
2025-02-12 03:00:00,INT_101,95,56.35
2025-02-12 03:00:00,INT_102,84,42.22
2025-02-12 03:00:00,INT_103,87,36.49
2025-02-12 03:00:00,INT_104,65,47.51
2025-02-12 04:00:00,INT_101,89,37.65
2025-02-12 04:00:00,INT_102,74,36.62
2025-02-12 04:00:00,INT_103,82,37.14
2025-02-12 04:00:00,INT_104,80,34.56
2025-02-12 05:00:00,INT_101,103,41.97
2025-02-12 05:00:00,INT_102,78,49.18
2025-02-12 05:00:00,INT_103,62,49.45
2025-02-12 05:00:00,INT_104,78,42.87
2025-02-12 06:00:00,INT_101,118,43.65
2025-02-12 06:00:00,INT_102,79,36.15
2025-02-12 06:00:00,INT_103,84,35.38
2025-02-12 06:00:00,INT_104,81,30.05
2025-02-12 07:00:00,INT_101,169,46.83
2025-02-12 07:00:00,INT_102,155,36.65
2025-02-12 07:00:00,INT_103,145,40.45
2025-02-12 07:00:00,INT_104,160,31.87
2025-02-12 08:00:00,INT_101,184,27.08
2025-02-12 08:00:00,INT_102,159,31.66
2025-02-12 08:00:00,INT_103,154,41.14
2025-02-12 08:00:00,INT_104,134,43.98
2025-02-12 09:00:00,INT_101,181,33.33
2025-02-12 09:00:00,INT_102,132,42.27
2025-02-12 09:00:00,INT_103,155,39.81
2025-02-12 09:00:00,INT_104,136,35.74
2025-02-12 10:00:00,INT_101,106,46.41
2025-02-12 10:00:00,INT_102,79,39.06
2025-02-12 10:00:00,INT_103,71,41.62
2025-02-12 10:00:00,INT_104,63,37.4
2025-02-12 11:00:00,INT_101,100,40.36
2025-02-12 11:00:00,INT_102,77,34.91
2025-02-12 11:00:00,INT_103,71,40.99
2025-02-12 11:00:00,INT_104,58,36.9
2025-02-12 12:00:00,INT_101,127,31.02
2025-02-12 12:00:00,INT_102,122,46.16
2025-02-12 12:00:00,INT_103,112,40.63
2025-02-12 12:00:00,INT_104,114,49.11
2025-02-12 13:00:00,INT_101,135,40.33
2025-02-12 13:00:00,INT_102,119,38.1
2025-02-12 13:00:00,INT_103,118,45.41
2025-02-12 13:00:00,INT_104,96,35.77
2025-02-12 14:00:00,INT_101,102,42.41
2025-02-12 14:00:00,INT_102,75,40.82
2025-02-12 14:00:00,INT_103,80,39.31
2025-02-12 14:00:00,INT_104,80,40.67
2025-02-12 15:00:00,INT_101,93,38.83
2025-02-12 15:00:00,INT_102,80,32.68
2025-02-12 15:00:00,INT_103,80,36.12
2025-02-12 15:00:00,INT_104,80,51.98
2025-02-12 16:00:00,INT_101,98,46.18
2025-02-12 16:00:00,INT_102,88,25.36
2025-02-12 16:00:00,INT_103,84,33.71
2025-02-12 16:00:00,INT_104,71,44.25
2025-02-12 17:00:00,INT_101,189,29.62
2025-02-12 17:00:00,INT_102,160,41.75
2025-02-12 17:00:00,INT_103,170,25.21
2025-02-12 17:00:00,INT_104,162,27.38
2025-02-12 18:00:00,INT_101,180,23.89
2025-02-12 18:00:00,INT_102,165,28.71
2025-02-12 18:00:00,INT_103,153,17.27
2025-02-12 18:00:00,INT_104,155,29.56
2025-02-12 19:00:00,INT_101,178,31.04
2025-02-12 19:00:00,INT_102,163,34.31
2025-02-12 19:00:00,INT_103,168,34.73
2025-02-12 19:00:00,INT_104,165,27.11
2025-02-12 20:00:00,INT_101,97,43.39
2025-02-12 20:00:00,INT_102,73,30.76
2025-02-12 20:00:00,INT_103,74,42.64
2025-02-12 20:00:00,INT_104,78,40.63
2025-02-12 21:00:00,INT_101,95,44.31
2025-02-12 21:00:00,INT_102,65,39.57
2025-02-12 21:00:00,INT_103,69,42.94
2025-02-12 21:00:00,INT_104,74,30.71
2025-02-12 22:00:00,INT_101,99,39.0
2025-02-12 22:00:00,INT_102,70,45.65
2025-02-12 22:00:00,INT_103,85,51.49
2025-02-12 22:00:00,INT_104,71,30.22
2025-02-12 23:00:00,INT_101,99,52.47
2025-02-12 23:00:00,INT_102,77,32.86
2025-02-12 23:00:00,INT_103,63,42.12
2025-02-12 23:00:00,INT_104,63,44.82
2025-02-13 00:00:00,INT_101,101,41.28
2025-02-13 00:00:00,INT_102,70,36.71
2025-02-13 00:00:00,INT_103,72,38.0
2025-02-13 00:00:00,INT_104,59,43.08
2025-02-13 01:00:00,INT_101,106,34.55
2025-02-13 01:00:00,INT_102,87,41.8
2025-02-13 01:00:00,INT_103,80,33.23
2025-02-13 01:00:00,INT_104,84,55.33
2025-02-13 02:00:00,INT_101,104,38.55
2025-02-13 02:00:00,INT_102,85,41.47
2025-02-13 02:00:00,INT_103,89,51.23
2025-02-13 02:00:00,INT_104,64,27.9
2025-02-13 03:00:00,INT_101,106,39.75
2025-02-13 03:00:00,INT_102,77,33.46
2025-02-13 03:00:00,INT_103,78,41.99
2025-02-13 03:00:00,INT_104,76,46.5
2025-02-13 04:00:00,INT_101,100,40.96
2025-02-13 04:00:00,INT_102,81,44.32
2025-02-13 04:00:00,INT_103,75,38.18
2025-02-13 04:00:00,INT_104,63,56.65
2025-02-13 05:00:00,INT_101,99,35.28
2025-02-13 05:00:00,INT_102,91,45.52
2025-02-13 05:00:00,INT_103,90,48.94
2025-02-13 05:00:00,INT_104,76,38.38
2025-02-13 06:00:00,INT_101,107,28.81
2025-02-13 06:00:00,INT_102,65,52.15
2025-02-13 06:00:00,INT_103,61,34.85
2025-02-13 06:00:00,INT_104,56,32.87
2025-02-13 07:00:00,INT_101,165,29.9
2025-02-13 07:00:00,INT_102,140,39.8
2025-02-13 07:00:00,INT_103,143,29.34
2025-02-13 07:00:00,INT_104,148,48.41
2025-02-13 08:00:00,INT_101,170,32.27
2025-02-13 08:00:00,INT_102,156,27.25
2025-02-13 08:00:00,INT_103,157,33.68
2025-02-13 08:00:00,INT_104,147,40.5
2025-02-13 09:00:00,INT_101,166,38.57
2025-02-13 09:00:00,INT_102,153,32.85
2025-02-13 09:00:00,INT_103,152,38.86
2025-02-13 09:00:00,INT_104,136,40.84
2025-02-13 10:00:00,INT_101,104,39.31
2025-02-13 10:00:00,INT_102,78,41.34
2025-02-13 10:00:00,INT_103,83,37.69
2025-02-13 10:00:00,INT_104,66,44.35
2025-02-13 11:00:00,INT_101,89,29.51
2025-02-13 11:00:00,INT_102,75,46.61
2025-02-13 11:00:00,INT_103,75,46.29
2025-02-13 11:00:00,INT_104,73,50.08
2025-02-13 12:00:00,INT_101,121,40.51
2025-02-13 12:00:00,INT_102,112,42.64
2025-02-13 12:00:00,INT_103,121,40.88
2025-02-13 12:00:00,INT_104,103,32.57
2025-02-13 13:00:00,INT_101,125,36.88
2025-02-13 13:00:00,INT_102,112,30.55
2025-02-13 13:00:00,INT_103,102,38.31
2025-02-13 13:00:00,INT_104,109,40.16
2025-02-13 14:00:00,INT_101,103,37.54
2025-02-13 14:00:00,INT_102,77,46.62
2025-02-13 14:00:00,INT_103,77,45.0
2025-02-13 14:00:00,INT_104,74,54.32
2025-02-13 15:00:00,INT_101,101,53.98
2025-02-13 15:00:00,INT_102,68,41.55
2025-02-13 15:00:00,INT_103,64,34.45
2025-02-13 15:00:00,INT_104,70,36.58
2025-02-13 16:00:00,INT_101,93,42.11
2025-02-13 16:00:00,INT_102,85,30.98
2025-02-13 16:00:00,INT_103,80,43.02
2025-02-13 16:00:00,INT_104,57,45.12
2025-02-13 17:00:00,INT_101,192,35.42
2025-02-13 17:00:00,INT_102,170,30.56
2025-02-13 17:00:00,INT_103,171,32.83
2025-02-13 17:00:00,INT_104,166,38.79
2025-02-13 18:00:00,INT_101,193,29.83
2025-02-13 18:00:00,INT_102,172,43.17
2025-02-13 18:00:00,INT_103,179,34.52
2025-02-13 18:00:00,INT_104,155,31.38
2025-02-13 19:00:00,INT_101,189,28.86
2025-02-13 19:00:00,INT_102,188,43.76
2025-02-13 19:00:00,INT_103,178,27.03
2025-02-13 19:00:00,INT_104,150,43.64
2025-02-13 20:00:00,INT_101,101,41.93
2025-02-13 20:00:00,INT_102,72,44.04
2025-02-13 20:00:00,INT_103,75,31.22
2025-02-13 20:00:00,INT_104,64,40.87
2025-02-13 21:00:00,INT_101,109,41.93
2025-02-13 21:00:00,INT_102,85,46.32
2025-02-13 21:00:00,INT_103,83,53.9
2025-02-13 21:00:00,INT_104,71,32.02
2025-02-13 22:00:00,INT_101,108,27.97
2025-02-13 22:00:00,INT_102,79,25.51
2025-02-13 22:00:00,INT_103,66,39.25
2025-02-13 22:00:00,INT_104,58,35.16
2025-02-13 23:00:00,INT_101,91,49.57
2025-02-13 23:00:00,INT_102,75,35.12
2025-02-13 23:00:00,INT_103,68,53.88
2025-02-13 23:00:00,INT_104,78,41.44
2025-02-14 00:00:00,INT_101,107,42.22
2025-02-14 00:00:00,INT_102,78,39.27
2025-02-14 00:00:00,INT_103,83,49.34
2025-02-14 00:00:00,INT_104,72,43.18
2025-02-14 01:00:00,INT_101,100,52.04
2025-02-14 01:00:00,INT_102,92,36.93
2025-02-14 01:00:00,INT_103,94,50.97
2025-02-14 01:00:00,INT_104,63,43.77
2025-02-14 02:00:00,INT_101,96,42.4
2025-02-14 02:00:00,INT_102,70,35.76
2025-02-14 02:00:00,INT_103,87,44.25
2025-02-14 02:00:00,INT_104,66,45.19
2025-02-14 03:00:00,INT_101,105,40.23
2025-02-14 03:00:00,INT_102,80,45.41
2025-02-14 03:00:00,INT_103,91,41.77
2025-02-14 03:00:00,INT_104,86,38.97
2025-02-14 04:00:00,INT_101,104,42.81
2025-02-14 04:00:00,INT_102,83,43.41
2025-02-14 04:00:00,INT_103,77,40.29
2025-02-14 04:00:00,INT_104,55,45.79
2025-02-14 05:00:00,INT_101,89,32.89
2025-02-14 05:00:00,INT_102,81,44.06
2025-02-14 05:00:00,INT_103,82,40.52
2025-02-14 05:00:00,INT_104,63,38.37
2025-02-14 06:00:00,INT_101,95,54.67
2025-02-14 06:00:00,INT_102,91,47.69
2025-02-14 06:00:00,INT_103,85,41.43
2025-02-14 06:00:00,INT_104,76,39.02
2025-02-14 07:00:00,INT_101,160,44.61
2025-02-14 07:00:00,INT_102,155,33.82
2025-02-14 07:00:00,INT_103,150,48.3
2025-02-14 07:00:00,INT_104,142,48.4
2025-02-14 08:00:00,INT_101,190,26.35
2025-02-14 08:00:00,INT_102,153,43.99
2025-02-14 08:00:00,INT_103,168,25.86
2025-02-14 08:00:00,INT_104,157,32.29
2025-02-14 09:00:00,INT_101,161,32.07
2025-02-14 09:00:00,INT_102,149,43.75
2025-02-14 09:00:00,INT_103,167,25.4
2025-02-14 09:00:00,INT_104,150,46.66
2025-02-14 10:00:00,INT_101,113,39.84
2025-02-14 10:00:00,INT_102,60,49.5
2025-02-14 10:00:00,INT_103,72,30.06
2025-02-14 10:00:00,INT_104,67,42.31
2025-02-14 11:00:00,INT_101,97,41.75
2025-02-14 11:00:00,INT_102,80,41.66
2025-02-14 11:00:00,INT_103,79,44.72
2025-02-14 11:00:00,INT_104,64,41.15
2025-02-14 12:00:00,INT_101,145,50.14
2025-02-14 12:00:00,INT_102,120,45.04
2025-02-14 12:00:00,INT_103,125,45.46
2025-02-14 12:00:00,INT_104,86,40.26
2025-02-14 13:00:00,INT_101,121,39.03
2025-02-14 13:00:00,INT_102,112,45.19
2025-02-14 13:00:00,INT_103,103,46.27
2025-02-14 13:00:00,INT_104,105,32.94
2025-02-14 14:00:00,INT_101,95,43.31
2025-02-14 14:00:00,INT_102,74,29.68
2025-02-14 14:00:00,INT_103,81,43.32
2025-02-14 14:00:00,INT_104,70,35.03
2025-02-14 15:00:00,INT_101,89,36.12
2025-02-14 15:00:00,INT_102,64,39.66
2025-02-14 15:00:00,INT_103,73,45.94
2025-02-14 15:00:00,INT_104,69,39.13
2025-02-14 16:00:00,INT_101,106,33.68
2025-02-14 16:00:00,INT_102,91,47.35
2025-02-14 16:00:00,INT_103,76,51.46
2025-02-14 16:00:00,INT_104,54,35.95
2025-02-14 17:00:00,INT_101,182,37.92
2025-02-14 17:00:00,INT_102,170,35.73
2025-02-14 17:00:00,INT_103,168,34.11
2025-02-14 17:00:00,INT_104,144,39.04
2025-02-14 18:00:00,INT_101,185,34.72
2025-02-14 18:00:00,INT_102,168,40.37
2025-02-14 18:00:00,INT_103,144,46.07
2025-02-14 18:00:00,INT_104,160,29.56
2025-02-14 19:00:00,INT_101,192,37.81
2025-02-14 19:00:00,INT_102,163,32.11
2025-02-14 19:00:00,INT_103,167,33.28
2025-02-14 19:00:00,INT_104,171,35.36
2025-02-14 20:00:00,INT_101,106,40.74
2025-02-14 20:00:00,INT_102,71,34.7
2025-02-14 20:00:00,INT_103,78,45.06
2025-02-14 20:00:00,INT_104,95,36.82
2025-02-14 21:00:00,INT_101,94,47.86
2025-02-14 21:00:00,INT_102,85,35.9
2025-02-14 21:00:00,INT_103,83,41.45
2025-02-14 21:00:00,INT_104,69,46.47
2025-02-14 22:00:00,INT_101,104,53.07
2025-02-14 22:00:00,INT_102,75,41.23
2025-02-14 22:00:00,INT_103,65,35.81
2025-02-14 22:00:00,INT_104,54,35.61
2025-02-14 23:00:00,INT_101,102,29.09
2025-02-14 23:00:00,INT_102,86,46.02
2025-02-14 23:00:00,INT_103,76,34.81
2025-02-14 23:00:00,INT_104,72,42.17
2025-02-15 00:00:00,INT_101,97,36.38
2025-02-15 00:00:00,INT_102,78,34.0
2025-02-15 00:00:00,INT_103,89,40.01
2025-02-15 00:00:00,INT_104,89,38.61
2025-02-15 01:00:00,INT_101,95,38.9
2025-02-15 01:00:00,INT_102,82,42.55
2025-02-15 01:00:00,INT_103,66,37.87
2025-02-15 01:00:00,INT_104,74,34.46
2025-02-15 02:00:00,INT_101,102,43.88
2025-02-15 02:00:00,INT_102,72,40.95
2025-02-15 02:00:00,INT_103,81,50.97
2025-02-15 02:00:00,INT_104,63,33.34
2025-02-15 03:00:00,INT_101,105,47.85
2025-02-15 03:00:00,INT_102,84,33.04
2025-02-15 03:00:00,INT_103,84,42.55
2025-02-15 03:00:00,INT_104,77,32.15
2025-02-15 04:00:00,INT_101,93,35.23
2025-02-15 04:00:00,INT_102,72,29.92
2025-02-15 04:00:00,INT_103,80,29.35
2025-02-15 04:00:00,INT_104,59,33.79
2025-02-15 05:00:00,INT_101,88,48.68
2025-02-15 05:00:00,INT_102,75,38.2
2025-02-15 05:00:00,INT_103,79,37.09
2025-02-15 05:00:00,INT_104,63,35.66
2025-02-15 06:00:00,INT_101,110,38.85
2025-02-15 06:00:00,INT_102,79,39.6
2025-02-15 06:00:00,INT_103,78,53.39
2025-02-15 06:00:00,INT_104,75,32.68
2025-02-15 07:00:00,INT_101,160,28.22
2025-02-15 07:00:00,INT_102,154,31.91
2025-02-15 07:00:00,INT_103,156,39.36
2025-02-15 07:00:00,INT_104,140,35.74
2025-02-15 08:00:00,INT_101,173,40.12
2025-02-15 08:00:00,INT_102,152,39.32
2025-02-15 08:00:00,INT_103,144,49.42
2025-02-15 08:00:00,INT_104,147,45.13
2025-02-15 09:00:00,INT_101,163,31.89
2025-02-15 09:00:00,INT_102,165,39.45
2025-02-15 09:00:00,INT_103,150,38.56
2025-02-15 09:00:00,INT_104,139,37.16
2025-02-15 10:00:00,INT_101,82,43.17
2025-02-15 10:00:00,INT_102,88,39.19
2025-02-15 10:00:00,INT_103,73,40.91
2025-02-15 10:00:00,INT_104,64,39.35
2025-02-15 11:00:00,INT_101,92,38.18
2025-02-15 11:00:00,INT_102,73,41.69
2025-02-15 11:00:00,INT_103,82,36.72
2025-02-15 11:00:00,INT_104,68,35.35
2025-02-15 12:00:00,INT_101,128,42.23
2025-02-15 12:00:00,INT_102,104,30.19
2025-02-15 12:00:00,INT_103,100,38.34
2025-02-15 12:00:00,INT_104,97,49.58
2025-02-15 13:00:00,INT_101,144,42.6
2025-02-15 13:00:00,INT_102,103,37.24
2025-02-15 13:00:00,INT_103,120,45.89
2025-02-15 13:00:00,INT_104,109,36.01
2025-02-15 14:00:00,INT_101,103,34.88
2025-02-15 14:00:00,INT_102,58,43.12
2025-02-15 14:00:00,INT_103,98,38.96
2025-02-15 14:00:00,INT_104,61,32.09
2025-02-15 15:00:00,INT_101,107,23.22
2025-02-15 15:00:00,INT_102,84,34.82
2025-02-15 15:00:00,INT_103,97,36.26
2025-02-15 15:00:00,INT_104,73,32.62
2025-02-15 16:00:00,INT_101,94,43.51
2025-02-15 16:00:00,INT_102,79,37.47
2025-02-15 16:00:00,INT_103,60,48.41
2025-02-15 16:00:00,INT_104,69,41.91
2025-02-15 17:00:00,INT_101,183,37.42
2025-02-15 17:00:00,INT_102,171,44.33
2025-02-15 17:00:00,INT_103,173,27.32
2025-02-15 17:00:00,INT_104,143,39.25
2025-02-15 18:00:00,INT_101,185,42.05
2025-02-15 18:00:00,INT_102,158,31.02
2025-02-15 18:00:00,INT_103,172,21.83
2025-02-15 18:00:00,INT_104,169,25.72
2025-02-15 19:00:00,INT_101,182,25.52
2025-02-15 19:00:00,INT_102,167,24.98
2025-02-15 19:00:00,INT_103,171,25.75
2025-02-15 19:00:00,INT_104,151,30.16
2025-02-15 20:00:00,INT_101,91,40.45
2025-02-15 20:00:00,INT_102,72,58.43
2025-02-15 20:00:00,INT_103,80,35.82
2025-02-15 20:00:00,INT_104,72,41.12
2025-02-15 21:00:00,INT_101,98,46.46
2025-02-15 21:00:00,INT_102,82,34.07
2025-02-15 21:00:00,INT_103,80,43.06
2025-02-15 21:00:00,INT_104,65,41.9
2025-02-15 22:00:00,INT_101,97,47.23
2025-02-15 22:00:00,INT_102,87,43.11
2025-02-15 22:00:00,INT_103,93,43.4
2025-02-15 22:00:00,INT_104,71,46.53
2025-02-15 23:00:00,INT_101,100,53.1
2025-02-15 23:00:00,INT_102,79,40.06
2025-02-15 23:00:00,INT_103,78,45.61
2025-02-15 23:00:00,INT_104,66,33.96
2025-02-16 00:00:00,INT_101,88,43.32
2025-02-16 00:00:00,INT_102,87,40.93
2025-02-16 00:00:00,INT_103,66,48.69
2025-02-16 00:00:00,INT_104,63,38.05
2025-02-16 01:00:00,INT_101,111,43.1
2025-02-16 01:00:00,INT_102,69,41.65
2025-02-16 01:00:00,INT_103,80,39.05
2025-02-16 01:00:00,INT_104,74,39.73
2025-02-16 02:00:00,INT_101,95,47.85
2025-02-16 02:00:00,INT_102,80,36.91
2025-02-16 02:00:00,INT_103,100,42.0
2025-02-16 02:00:00,INT_104,83,48.3
2025-02-16 03:00:00,INT_101,100,30.04
2025-02-16 03:00:00,INT_102,83,25.17
2025-02-16 03:00:00,INT_103,70,31.53
2025-02-16 03:00:00,INT_104,66,36.71
2025-02-16 04:00:00,INT_101,104,45.83
2025-02-16 04:00:00,INT_102,84,36.6
2025-02-16 04:00:00,INT_103,80,50.44
2025-02-16 04:00:00,INT_104,74,41.44
2025-02-16 05:00:00,INT_101,111,42.01
2025-02-16 05:00:00,INT_102,88,52.6
2025-02-16 05:00:00,INT_103,76,36.8
2025-02-16 05:00:00,INT_104,77,29.98
2025-02-16 06:00:00,INT_101,93,44.84
2025-02-16 06:00:00,INT_102,77,53.62
2025-02-16 06:00:00,INT_103,86,45.23
2025-02-16 06:00:00,INT_104,59,39.55
2025-02-16 07:00:00,INT_101,172,40.85
2025-02-16 07:00:00,INT_102,160,32.3
2025-02-16 07:00:00,INT_103,135,44.86
2025-02-16 07:00:00,INT_104,139,38.4
2025-02-16 08:00:00,INT_101,164,39.24
2025-02-16 08:00:00,INT_102,153,27.95
2025-02-16 08:00:00,INT_103,166,32.11
2025-02-16 08:00:00,INT_104,137,48.86
2025-02-16 09:00:00,INT_101,170,33.88
2025-02-16 09:00:00,INT_102,169,41.04
2025-02-16 09:00:00,INT_103,155,37.09
2025-02-16 09:00:00,INT_104,128,46.65
2025-02-16 10:00:00,INT_101,90,45.0
2025-02-16 10:00:00,INT_102,93,42.55
2025-02-16 10:00:00,INT_103,100,44.18
2025-02-16 10:00:00,INT_104,82,48.78
2025-02-16 11:00:00,INT_101,97,41.79
2025-02-16 11:00:00,INT_102,69,46.02
2025-02-16 11:00:00,INT_103,96,52.47
2025-02-16 11:00:00,INT_104,65,38.38
2025-02-16 12:00:00,INT_101,131,43.58
2025-02-16 12:00:00,INT_102,107,36.91
2025-02-16 12:00:00,INT_103,114,40.57
2025-02-16 12:00:00,INT_104,96,41.62
2025-02-16 13:00:00,INT_101,131,40.8
2025-02-16 13:00:00,INT_102,108,39.89
2025-02-16 13:00:00,INT_103,87,30.27
2025-02-16 13:00:00,INT_104,84,43.47
2025-02-16 14:00:00,INT_101,103,42.28
2025-02-16 14:00:00,INT_102,101,44.56
2025-02-16 14:00:00,INT_103,78,38.82
2025-02-16 14:00:00,INT_104,76,35.3
2025-02-16 15:00:00,INT_101,94,45.94
2025-02-16 15:00:00,INT_102,94,39.81
2025-02-16 15:00:00,INT_103,89,39.32
2025-02-16 15:00:00,INT_104,60,42.81
2025-02-16 16:00:00,INT_101,100,33.39
2025-02-16 16:00:00,INT_102,90,42.87
2025-02-16 16:00:00,INT_103,84,44.91
2025-02-16 16:00:00,INT_104,74,49.46
2025-02-16 17:00:00,INT_101,193,41.13
2025-02-16 17:00:00,INT_102,173,35.07
2025-02-16 17:00:00,INT_103,159,29.08
2025-02-16 17:00:00,INT_104,158,32.84
2025-02-16 18:00:00,INT_101,184,27.32
2025-02-16 18:00:00,INT_102,161,40.11
2025-02-16 18:00:00,INT_103,182,23.83
2025-02-16 18:00:00,INT_104,156,35.38
2025-02-16 19:00:00,INT_101,184,25.17
2025-02-16 19:00:00,INT_102,163,37.0
2025-02-16 19:00:00,INT_103,164,29.27
2025-02-16 19:00:00,INT_104,156,38.96
2025-02-16 20:00:00,INT_101,93,38.96
2025-02-16 20:00:00,INT_102,67,47.15
2025-02-16 20:00:00,INT_103,79,29.02
2025-02-16 20:00:00,INT_104,69,42.79
2025-02-16 21:00:00,INT_101,95,37.5
2025-02-16 21:00:00,INT_102,77,39.61
2025-02-16 21:00:00,INT_103,69,40.2
2025-02-16 21:00:00,INT_104,72,42.82
2025-02-16 22:00:00,INT_101,98,33.99
2025-02-16 22:00:00,INT_102,73,46.85
2025-02-16 22:00:00,INT_103,79,40.0
2025-02-16 22:00:00,INT_104,75,30.68
2025-02-16 23:00:00,INT_101,99,44.27
2025-02-16 23:00:00,INT_102,78,40.79
2025-02-16 23:00:00,INT_103,74,38.34
2025-02-16 23:00:00,INT_104,72,47.33
2025-02-17 00:00:00,INT_101,105,51.56
2025-02-17 00:00:00,INT_102,79,40.19
2025-02-17 00:00:00,INT_103,93,46.15
2025-02-17 00:00:00,INT_104,62,49.67
2025-02-17 01:00:00,INT_101,90,41.57
2025-02-17 01:00:00,INT_102,78,40.9
2025-02-17 01:00:00,INT_103,85,44.4
2025-02-17 01:00:00,INT_104,52,36.62
2025-02-17 02:00:00,INT_101,95,32.41
2025-02-17 02:00:00,INT_102,93,44.73
2025-02-17 02:00:00,INT_103,89,43.66
2025-02-17 02:00:00,INT_104,69,48.28
2025-02-17 03:00:00,INT_101,120,56.28
2025-02-17 03:00:00,INT_102,76,39.47
2025-02-17 03:00:00,INT_103,97,42.39
2025-02-17 03:00:00,INT_104,66,44.87
2025-02-17 04:00:00,INT_101,86,38.25
2025-02-17 04:00:00,INT_102,81,38.42
2025-02-17 04:00:00,INT_103,79,39.14
2025-02-17 04:00:00,INT_104,72,41.23
2025-02-17 05:00:00,INT_101,92,30.0
2025-02-17 05:00:00,INT_102,68,48.21
2025-02-17 05:00:00,INT_103,89,37.05
2025-02-17 05:00:00,INT_104,72,50.86
2025-02-17 06:00:00,INT_101,107,37.42
2025-02-17 06:00:00,INT_102,81,40.62
2025-02-17 06:00:00,INT_103,80,39.52
2025-02-17 06:00:00,INT_104,78,46.84
2025-02-17 07:00:00,INT_101,197,32.74
2025-02-17 07:00:00,INT_102,159,35.74
2025-02-17 07:00:00,INT_103,149,32.23
2025-02-17 07:00:00,INT_104,145,42.11
2025-02-17 08:00:00,INT_101,167,28.18
2025-02-17 08:00:00,INT_102,144,45.74
2025-02-17 08:00:00,INT_103,170,27.08
2025-02-17 08:00:00,INT_104,136,40.99
2025-02-17 09:00:00,INT_101,179,31.65
2025-02-17 09:00:00,INT_102,144,32.85
2025-02-17 09:00:00,INT_103,154,44.72
2025-02-17 09:00:00,INT_104,127,34.01
2025-02-17 10:00:00,INT_101,100,45.01
2025-02-17 10:00:00,INT_102,71,32.16
2025-02-17 10:00:00,INT_103,78,45.65
2025-02-17 10:00:00,INT_104,69,31.95
2025-02-17 11:00:00,INT_101,90,51.24
2025-02-17 11:00:00,INT_102,92,37.2
2025-02-17 11:00:00,INT_103,78,37.44
2025-02-17 11:00:00,INT_104,48,25.9
2025-02-17 12:00:00,INT_101,116,46.95
2025-02-17 12:00:00,INT_102,101,40.01
2025-02-17 12:00:00,INT_103,107,33.88
2025-02-17 12:00:00,INT_104,101,42.99
2025-02-17 13:00:00,INT_101,123,33.33
2025-02-17 13:00:00,INT_102,126,50.46
2025-02-17 13:00:00,INT_103,106,50.35
2025-02-17 13:00:00,INT_104,101,50.38
2025-02-17 14:00:00,INT_101,113,45.66
2025-02-17 14:00:00,INT_102,82,29.03
2025-02-17 14:00:00,INT_103,94,39.63
2025-02-17 14:00:00,INT_104,73,41.82
2025-02-17 15:00:00,INT_101,109,47.85
2025-02-17 15:00:00,INT_102,70,38.46
2025-02-17 15:00:00,INT_103,81,39.6
2025-02-17 15:00:00,INT_104,63,58.41
2025-02-17 16:00:00,INT_101,104,35.42
2025-02-17 16:00:00,INT_102,66,44.65
2025-02-17 16:00:00,INT_103,68,42.53
2025-02-17 16:00:00,INT_104,75,39.91
2025-02-17 17:00:00,INT_101,192,36.72
2025-02-17 17:00:00,INT_102,178,36.15
2025-02-17 17:00:00,INT_103,180,34.16
2025-02-17 17:00:00,INT_104,160,27.3
2025-02-17 18:00:00,INT_101,176,32.54
2025-02-17 18:00:00,INT_102,168,39.33
2025-02-17 18:00:00,INT_103,167,25.13
2025-02-17 18:00:00,INT_104,155,43.08
2025-02-17 19:00:00,INT_101,191,30.81
2025-02-17 19:00:00,INT_102,181,27.21
2025-02-17 19:00:00,INT_103,167,27.65
2025-02-17 19:00:00,INT_104,152,37.45
2025-02-17 20:00:00,INT_101,104,50.86
2025-02-17 20:00:00,INT_102,70,49.06
2025-02-17 20:00:00,INT_103,80,28.37
2025-02-17 20:00:00,INT_104,68,30.32
2025-02-17 21:00:00,INT_101,91,53.09
2025-02-17 21:00:00,INT_102,89,41.38
2025-02-17 21:00:00,INT_103,83,48.98
2025-02-17 21:00:00,INT_104,66,41.13
2025-02-17 22:00:00,INT_101,87,26.56
2025-02-17 22:00:00,INT_102,97,40.5
2025-02-17 22:00:00,INT_103,88,38.23
2025-02-17 22:00:00,INT_104,70,52.35
2025-02-17 23:00:00,INT_101,103,44.68
2025-02-17 23:00:00,INT_102,89,43.15
2025-02-17 23:00:00,INT_103,72,46.34
2025-02-17 23:00:00,INT_104,54,38.0
2025-02-18 00:00:00,INT_101,110,45.52
2025-02-18 00:00:00,INT_102,83,38.76
2025-02-18 00:00:00,INT_103,83,40.18
2025-02-18 00:00:00,INT_104,57,42.75
2025-02-18 01:00:00,INT_101,106,43.31
2025-02-18 01:00:00,INT_102,82,50.19
2025-02-18 01:00:00,INT_103,85,39.71
2025-02-18 01:00:00,INT_104,83,34.64
2025-02-18 02:00:00,INT_101,104,54.03
2025-02-18 02:00:00,INT_102,70,40.26
2025-02-18 02:00:00,INT_103,73,34.6
2025-02-18 02:00:00,INT_104,73,37.05
2025-02-18 03:00:00,INT_101,87,42.17
2025-02-18 03:00:00,INT_102,81,32.04
2025-02-18 03:00:00,INT_103,78,43.12
2025-02-18 03:00:00,INT_104,66,35.98
2025-02-18 04:00:00,INT_101,103,40.39
2025-02-18 04:00:00,INT_102,78,46.56
2025-02-18 04:00:00,INT_103,78,31.95
2025-02-18 04:00:00,INT_104,73,45.38
2025-02-18 05:00:00,INT_101,103,42.24
2025-02-18 05:00:00,INT_102,92,37.95
2025-02-18 05:00:00,INT_103,79,38.47
2025-02-18 05:00:00,INT_104,85,37.99
2025-02-18 06:00:00,INT_101,91,39.22
2025-02-18 06:00:00,INT_102,76,50.15
2025-02-18 06:00:00,INT_103,63,47.54
2025-02-18 06:00:00,INT_104,71,45.43
2025-02-18 07:00:00,INT_101,168,30.17
2025-02-18 07:00:00,INT_102,148,42.54
2025-02-18 07:00:00,INT_103,155,31.73
2025-02-18 07:00:00,INT_104,149,44.63
2025-02-18 08:00:00,INT_101,176,39.65
2025-02-18 08:00:00,INT_102,157,20.62
2025-02-18 08:00:00,INT_103,162,43.0
2025-02-18 08:00:00,INT_104,139,41.06
2025-02-18 09:00:00,INT_101,172,34.54
2025-02-18 09:00:00,INT_102,160,35.35
2025-02-18 09:00:00,INT_103,128,50.68
2025-02-18 09:00:00,INT_104,148,29.07
2025-02-18 10:00:00,INT_101,104,53.77
2025-02-18 10:00:00,INT_102,87,38.26
2025-02-18 10:00:00,INT_103,81,38.07
2025-02-18 10:00:00,INT_104,67,41.83
2025-02-18 11:00:00,INT_101,83,45.55
2025-02-18 11:00:00,INT_102,68,51.34
2025-02-18 11:00:00,INT_103,84,39.58
2025-02-18 11:00:00,INT_104,70,34.91
2025-02-18 12:00:00,INT_101,133,44.58
2025-02-18 12:00:00,INT_102,103,41.26
2025-02-18 12:00:00,INT_103,107,49.09
2025-02-18 12:00:00,INT_104,104,33.24
2025-02-18 13:00:00,INT_101,125,46.69
2025-02-18 13:00:00,INT_102,111,47.17
2025-02-18 13:00:00,INT_103,103,40.61
2025-02-18 13:00:00,INT_104,82,41.65
2025-02-18 14:00:00,INT_101,96,28.55
2025-02-18 14:00:00,INT_102,95,38.91
2025-02-18 14:00:00,INT_103,84,37.45
2025-02-18 14:00:00,INT_104,68,31.76
2025-02-18 15:00:00,INT_101,109,47.21
2025-02-18 15:00:00,INT_102,74,36.66
2025-02-18 15:00:00,INT_103,90,44.29
2025-02-18 15:00:00,INT_104,76,56.83
2025-02-18 16:00:00,INT_101,72,52.65
2025-02-18 16:00:00,INT_102,89,38.52
2025-02-18 16:00:00,INT_103,78,45.87
2025-02-18 16:00:00,INT_104,61,31.2
2025-02-18 17:00:00,INT_101,198,42.27
2025-02-18 17:00:00,INT_102,180,32.43
2025-02-18 17:00:00,INT_103,166,37.79
2025-02-18 17:00:00,INT_104,158,26.9
2025-02-18 18:00:00,INT_101,182,47.02
2025-02-18 18:00:00,INT_102,167,28.58
2025-02-18 18:00:00,INT_103,178,28.87
2025-02-18 18:00:00,INT_104,164,32.76
2025-02-18 19:00:00,INT_101,204,36.43
2025-02-18 19:00:00,INT_102,173,34.03
2025-02-18 19:00:00,INT_103,177,33.38
2025-02-18 19:00:00,INT_104,146,44.72
2025-02-18 20:00:00,INT_101,110,40.24
2025-02-18 20:00:00,INT_102,83,50.25
2025-02-18 20:00:00,INT_103,97,50.16
2025-02-18 20:00:00,INT_104,67,34.54
2025-02-18 21:00:00,INT_101,99,43.67
2025-02-18 21:00:00,INT_102,76,44.94
2025-02-18 21:00:00,INT_103,79,52.62
2025-02-18 21:00:00,INT_104,80,40.71
2025-02-18 22:00:00,INT_101,94,44.84
2025-02-18 22:00:00,INT_102,74,44.29
2025-02-18 22:00:00,INT_103,99,35.11
2025-02-18 22:00:00,INT_104,69,44.47
2025-02-18 23:00:00,INT_101,101,41.55
2025-02-18 23:00:00,INT_102,89,39.89
2025-02-18 23:00:00,INT_103,67,51.14
2025-02-18 23:00:00,INT_104,68,34.48
2025-02-19 00:00:00,INT_101,101,33.14
2025-02-19 00:00:00,INT_102,91,39.85
2025-02-19 00:00:00,INT_103,66,51.71
2025-02-19 00:00:00,INT_104,67,35.51
2025-02-19 01:00:00,INT_101,114,42.77
2025-02-19 01:00:00,INT_102,75,37.49
2025-02-19 01:00:00,INT_103,90,46.16
2025-02-19 01:00:00,INT_104,63,41.29
2025-02-19 02:00:00,INT_101,102,43.57
2025-02-19 02:00:00,INT_102,76,42.31
2025-02-19 02:00:00,INT_103,73,33.06
2025-02-19 02:00:00,INT_104,68,32.97
2025-02-19 03:00:00,INT_101,109,51.73
2025-02-19 03:00:00,INT_102,96,40.09
2025-02-19 03:00:00,INT_103,86,36.56
2025-02-19 03:00:00,INT_104,66,39.87
2025-02-19 04:00:00,INT_101,110,41.94
2025-02-19 04:00:00,INT_102,99,39.8
2025-02-19 04:00:00,INT_103,87,42.71
2025-02-19 04:00:00,INT_104,63,45.57
2025-02-19 05:00:00,INT_101,91,36.89
2025-02-19 05:00:00,INT_102,75,37.8
2025-02-19 05:00:00,INT_103,78,53.33
2025-02-19 05:00:00,INT_104,86,42.59
2025-02-19 06:00:00,INT_101,109,30.47
2025-02-19 06:00:00,INT_102,83,37.88
2025-02-19 06:00:00,INT_103,85,35.26
2025-02-19 06:00:00,INT_104,79,43.41
2025-02-19 07:00:00,INT_101,181,37.68
2025-02-19 07:00:00,INT_102,146,45.19
2025-02-19 07:00:00,INT_103,160,29.65
2025-02-19 07:00:00,INT_104,131,44.73
2025-02-19 08:00:00,INT_101,185,24.51
2025-02-19 08:00:00,INT_102,161,32.68
2025-02-19 08:00:00,INT_103,144,42.51
2025-02-19 08:00:00,INT_104,156,32.91
2025-02-19 09:00:00,INT_101,159,42.69
2025-02-19 09:00:00,INT_102,147,52.87
2025-02-19 09:00:00,INT_103,156,21.66
2025-02-19 09:00:00,INT_104,142,40.76
2025-02-19 10:00:00,INT_101,98,34.41
2025-02-19 10:00:00,INT_102,69,48.25
2025-02-19 10:00:00,INT_103,80,33.06
2025-02-19 10:00:00,INT_104,55,44.36
2025-02-19 11:00:00,INT_101,92,35.74
2025-02-19 11:00:00,INT_102,74,37.04
2025-02-19 11:00:00,INT_103,69,40.09
2025-02-19 11:00:00,INT_104,62,44.73
2025-02-19 12:00:00,INT_101,126,38.81
2025-02-19 12:00:00,INT_102,106,37.88
2025-02-19 12:00:00,INT_103,101,49.09
2025-02-19 12:00:00,INT_104,122,40.94
2025-02-19 13:00:00,INT_101,133,44.51
2025-02-19 13:00:00,INT_102,100,36.65
2025-02-19 13:00:00,INT_103,116,51.5
2025-02-19 13:00:00,INT_104,101,35.47
2025-02-19 14:00:00,INT_101,96,33.08
2025-02-19 14:00:00,INT_102,73,41.13
2025-02-19 14:00:00,INT_103,79,42.01
2025-02-19 14:00:00,INT_104,68,35.12
2025-02-19 15:00:00,INT_101,96,32.78
2025-02-19 15:00:00,INT_102,79,40.06
2025-02-19 15:00:00,INT_103,75,48.25
2025-02-19 15:00:00,INT_104,75,50.77
2025-02-19 16:00:00,INT_101,100,45.64
2025-02-19 16:00:00,INT_102,86,35.76
2025-02-19 16:00:00,INT_103,77,35.45
2025-02-19 16:00:00,INT_104,81,42.23
2025-02-19 17:00:00,INT_101,193,31.0
2025-02-19 17:00:00,INT_102,161,23.95
2025-02-19 17:00:00,INT_103,171,32.21
2025-02-19 17:00:00,INT_104,173,32.33
2025-02-19 18:00:00,INT_101,174,45.05
2025-02-19 18:00:00,INT_102,176,26.77
2025-02-19 18:00:00,INT_103,175,35.16
2025-02-19 18:00:00,INT_104,157,40.22
2025-02-19 19:00:00,INT_101,187,35.18
2025-02-19 19:00:00,INT_102,178,44.05
2025-02-19 19:00:00,INT_103,172,35.36
2025-02-19 19:00:00,INT_104,159,35.28
2025-02-19 20:00:00,INT_101,99,43.64
2025-02-19 20:00:00,INT_102,85,29.18
2025-02-19 20:00:00,INT_103,73,40.68
2025-02-19 20:00:00,INT_104,67,40.54
2025-02-19 21:00:00,INT_101,100,46.48
2025-02-19 21:00:00,INT_102,85,44.45
2025-02-19 21:00:00,INT_103,72,49.31
2025-02-19 21:00:00,INT_104,68,43.81
2025-02-19 22:00:00,INT_101,95,40.58
2025-02-19 22:00:00,INT_102,81,40.29
2025-02-19 22:00:00,INT_103,93,43.73
2025-02-19 22:00:00,INT_104,67,36.77
2025-02-19 23:00:00,INT_101,121,51.23
2025-02-19 23:00:00,INT_102,84,36.82
2025-02-19 23:00:00,INT_103,93,35.05
2025-02-19 23:00:00,INT_104,52,43.88
2025-02-20 00:00:00,INT_101,81,36.22
2025-02-20 00:00:00,INT_102,82,46.17
2025-02-20 00:00:00,INT_103,81,39.02
2025-02-20 00:00:00,INT_104,82,43.31
2025-02-20 01:00:00,INT_101,89,47.6
2025-02-20 01:00:00,INT_102,72,41.34
2025-02-20 01:00:00,INT_103,83,43.83
2025-02-20 01:00:00,INT_104,63,54.36
2025-02-20 02:00:00,INT_101,97,39.59
2025-02-20 02:00:00,INT_102,79,31.55
2025-02-20 02:00:00,INT_103,96,36.26
2025-02-20 02:00:00,INT_104,65,43.19
2025-02-20 03:00:00,INT_101,90,34.88
2025-02-20 03:00:00,INT_102,80,35.33
2025-02-20 03:00:00,INT_103,91,50.98
2025-02-20 03:00:00,INT_104,68,39.77
2025-02-20 04:00:00,INT_101,101,38.63
2025-02-20 04:00:00,INT_102,72,38.71
2025-02-20 04:00:00,INT_103,86,39.71
2025-02-20 04:00:00,INT_104,56,36.81
2025-02-20 05:00:00,INT_101,84,50.03
2025-02-20 05:00:00,INT_102,69,46.24
2025-02-20 05:00:00,INT_103,86,47.81
2025-02-20 05:00:00,INT_104,63,43.94
2025-02-20 06:00:00,INT_101,92,48.02
2025-02-20 06:00:00,INT_102,87,25.43
2025-02-20 06:00:00,INT_103,82,40.01
2025-02-20 06:00:00,INT_104,64,27.47
2025-02-20 07:00:00,INT_101,179,30.39
2025-02-20 07:00:00,INT_102,143,27.72
2025-02-20 07:00:00,INT_103,160,29.84
2025-02-20 07:00:00,INT_104,146,38.34
2025-02-20 08:00:00,INT_101,160,33.9
2025-02-20 08:00:00,INT_102,165,28.62
2025-02-20 08:00:00,INT_103,128,46.18
2025-02-20 08:00:00,INT_104,132,40.52
2025-02-20 09:00:00,INT_101,159,38.71
2025-02-20 09:00:00,INT_102,141,45.66
2025-02-20 09:00:00,INT_103,151,24.45
2025-02-20 09:00:00,INT_104,140,39.35
2025-02-20 10:00:00,INT_101,105,45.91
2025-02-20 10:00:00,INT_102,87,43.72
2025-02-20 10:00:00,INT_103,59,43.1
2025-02-20 10:00:00,INT_104,72,42.31
2025-02-20 11:00:00,INT_101,107,39.07
2025-02-20 11:00:00,INT_102,95,38.81
2025-02-20 11:00:00,INT_103,86,52.18
2025-02-20 11:00:00,INT_104,72,45.92
2025-02-20 12:00:00,INT_101,126,46.3
2025-02-20 12:00:00,INT_102,96,53.18
2025-02-20 12:00:00,INT_103,98,39.32
2025-02-20 12:00:00,INT_104,84,42.3
2025-02-20 13:00:00,INT_101,144,45.91
2025-02-20 13:00:00,INT_102,130,42.72
2025-02-20 13:00:00,INT_103,97,45.48
2025-02-20 13:00:00,INT_104,102,48.07
2025-02-20 14:00:00,INT_101,90,40.52
2025-02-20 14:00:00,INT_102,73,37.42
2025-02-20 14:00:00,INT_103,68,44.26
2025-02-20 14:00:00,INT_104,66,51.34
2025-02-20 15:00:00,INT_101,111,39.88
2025-02-20 15:00:00,INT_102,79,48.27
2025-02-20 15:00:00,INT_103,91,34.68
2025-02-20 15:00:00,INT_104,68,36.5
2025-02-20 16:00:00,INT_101,87,30.65
2025-02-20 16:00:00,INT_102,85,48.36
2025-02-20 16:00:00,INT_103,88,32.54
2025-02-20 16:00:00,INT_104,80,43.08
2025-02-20 17:00:00,INT_101,186,18.73
2025-02-20 17:00:00,INT_102,162,35.8
2025-02-20 17:00:00,INT_103,158,33.16
2025-02-20 17:00:00,INT_104,162,42.18
2025-02-20 18:00:00,INT_101,177,36.6
2025-02-20 18:00:00,INT_102,157,31.36
2025-02-20 18:00:00,INT_103,182,44.06
2025-02-20 18:00:00,INT_104,155,35.38
2025-02-20 19:00:00,INT_101,186,21.64
2025-02-20 19:00:00,INT_102,168,44.5
2025-02-20 19:00:00,INT_103,177,23.46
2025-02-20 19:00:00,INT_104,156,19.08
2025-02-20 20:00:00,INT_101,97,34.43
2025-02-20 20:00:00,INT_102,80,40.43
2025-02-20 20:00:00,INT_103,66,37.52
2025-02-20 20:00:00,INT_104,70,42.98
2025-02-20 21:00:00,INT_101,107,49.78
2025-02-20 21:00:00,INT_102,89,52.61
2025-02-20 21:00:00,INT_103,90,39.25
2025-02-20 21:00:00,INT_104,79,42.38
2025-02-20 22:00:00,INT_101,93,43.28
2025-02-20 22:00:00,INT_102,85,35.11
2025-02-20 22:00:00,INT_103,85,41.48
2025-02-20 22:00:00,INT_104,68,42.53
2025-02-20 23:00:00,INT_101,105,48.22
2025-02-20 23:00:00,INT_102,68,49.06
2025-02-20 23:00:00,INT_103,77,37.27
2025-02-20 23:00:00,INT_104,69,35.17
2025-02-21 00:00:00,INT_101,98,36.53
2025-02-21 00:00:00,INT_102,76,43.8
2025-02-21 00:00:00,INT_103,88,43.64
2025-02-21 00:00:00,INT_104,82,42.86
2025-02-21 01:00:00,INT_101,110,42.8
2025-02-21 01:00:00,INT_102,89,33.45
2025-02-21 01:00:00,INT_103,65,62.27
2025-02-21 01:00:00,INT_104,78,41.53
2025-02-21 02:00:00,INT_101,101,42.67
2025-02-21 02:00:00,INT_102,86,35.5
2025-02-21 02:00:00,INT_103,65,47.31
2025-02-21 02:00:00,INT_104,56,46.55
2025-02-21 03:00:00,INT_101,113,49.98
2025-02-21 03:00:00,INT_102,93,41.09
2025-02-21 03:00:00,INT_103,80,41.38
2025-02-21 03:00:00,INT_104,67,38.5
2025-02-21 04:00:00,INT_101,96,43.06
2025-02-21 04:00:00,INT_102,91,47.15
2025-02-21 04:00:00,INT_103,72,40.33
2025-02-21 04:00:00,INT_104,67,39.28
2025-02-21 05:00:00,INT_101,107,43.11
2025-02-21 05:00:00,INT_102,79,51.71
2025-02-21 05:00:00,INT_103,81,48.07
2025-02-21 05:00:00,INT_104,73,39.61
2025-02-21 06:00:00,INT_101,90,45.58
2025-02-21 06:00:00,INT_102,98,41.88
2025-02-21 06:00:00,INT_103,79,39.19
2025-02-21 06:00:00,INT_104,78,33.43
2025-02-21 07:00:00,INT_101,165,30.59
2025-02-21 07:00:00,INT_102,140,32.13
2025-02-21 07:00:00,INT_103,132,32.24
2025-02-21 07:00:00,INT_104,138,42.31
2025-02-21 08:00:00,INT_101,160,34.41
2025-02-21 08:00:00,INT_102,129,43.77
2025-02-21 08:00:00,INT_103,155,32.09
2025-02-21 08:00:00,INT_104,135,37.13
2025-02-21 09:00:00,INT_101,180,31.06
2025-02-21 09:00:00,INT_102,148,42.78
2025-02-21 09:00:00,INT_103,154,36.11
2025-02-21 09:00:00,INT_104,137,42.11
2025-02-21 10:00:00,INT_101,98,46.43
2025-02-21 10:00:00,INT_102,80,41.54
2025-02-21 10:00:00,INT_103,91,40.34
2025-02-21 10:00:00,INT_104,82,50.83
2025-02-21 11:00:00,INT_101,95,40.87
2025-02-21 11:00:00,INT_102,70,44.27
2025-02-21 11:00:00,INT_103,74,53.12
2025-02-21 11:00:00,INT_104,67,49.52
2025-02-21 12:00:00,INT_101,138,37.68
2025-02-21 12:00:00,INT_102,113,34.31
2025-02-21 12:00:00,INT_103,112,44.87
2025-02-21 12:00:00,INT_104,112,43.3
2025-02-21 13:00:00,INT_101,117,49.87
2025-02-21 13:00:00,INT_102,111,50.96
2025-02-21 13:00:00,INT_103,110,40.83
2025-02-21 13:00:00,INT_104,101,24.68
2025-02-21 14:00:00,INT_101,104,42.53
2025-02-21 14:00:00,INT_102,77,42.36
2025-02-21 14:00:00,INT_103,79,34.53
2025-02-21 14:00:00,INT_104,84,44.7
2025-02-21 15:00:00,INT_101,101,45.05
2025-02-21 15:00:00,INT_102,80,45.02
2025-02-21 15:00:00,INT_103,76,29.52
2025-02-21 15:00:00,INT_104,64,42.14
2025-02-21 16:00:00,INT_101,109,50.25
2025-02-21 16:00:00,INT_102,80,44.65
2025-02-21 16:00:00,INT_103,84,45.26
2025-02-21 16:00:00,INT_104,80,37.45
2025-02-21 17:00:00,INT_101,182,32.18
2025-02-21 17:00:00,INT_102,164,35.74
2025-02-21 17:00:00,INT_103,171,37.22
2025-02-21 17:00:00,INT_104,169,27.88
2025-02-21 18:00:00,INT_101,205,26.08
2025-02-21 18:00:00,INT_102,171,35.93
2025-02-21 18:00:00,INT_103,161,22.67
2025-02-21 18:00:00,INT_104,155,39.42
2025-02-21 19:00:00,INT_101,192,33.32
2025-02-21 19:00:00,INT_102,172,36.52
2025-02-21 19:00:00,INT_103,175,25.73
2025-02-21 19:00:00,INT_104,158,39.7
2025-02-21 20:00:00,INT_101,102,32.69
2025-02-21 20:00:00,INT_102,92,49.94
2025-02-21 20:00:00,INT_103,78,42.0
2025-02-21 20:00:00,INT_104,71,48.44
2025-02-21 21:00:00,INT_101,107,45.87
2025-02-21 21:00:00,INT_102,98,38.72
2025-02-21 21:00:00,INT_103,77,40.15
2025-02-21 21:00:00,INT_104,62,43.04
2025-02-21 22:00:00,INT_101,99,42.24
2025-02-21 22:00:00,INT_102,85,42.62
2025-02-21 22:00:00,INT_103,80,44.81
2025-02-21 22:00:00,INT_104,73,38.62
2025-02-21 23:00:00,INT_101,104,35.47
2025-02-21 23:00:00,INT_102,80,41.59
2025-02-21 23:00:00,INT_103,87,35.13
2025-02-21 23:00:00,INT_104,59,39.83
2025-02-22 00:00:00,INT_101,103,45.33
2025-02-22 00:00:00,INT_102,74,43.11
2025-02-22 00:00:00,INT_103,96,35.72
2025-02-22 00:00:00,INT_104,73,43.32
2025-02-22 01:00:00,INT_101,117,37.82
2025-02-22 01:00:00,INT_102,89,35.52
2025-02-22 01:00:00,INT_103,79,24.35
2025-02-22 01:00:00,INT_104,68,40.04
2025-02-22 02:00:00,INT_101,87,26.46
2025-02-22 02:00:00,INT_102,87,50.39
2025-02-22 02:00:00,INT_103,75,40.19
2025-02-22 02:00:00,INT_104,55,41.02
2025-02-22 03:00:00,INT_101,104,41.58
2025-02-22 03:00:00,INT_102,78,35.05
2025-02-22 03:00:00,INT_103,68,37.99
2025-02-22 03:00:00,INT_104,69,40.66
2025-02-22 04:00:00,INT_101,88,42.47
2025-02-22 04:00:00,INT_102,78,43.58
2025-02-22 04:00:00,INT_103,89,42.92
2025-02-22 04:00:00,INT_104,55,41.71
2025-02-22 05:00:00,INT_101,90,46.02
2025-02-22 05:00:00,INT_102,72,38.31
2025-02-22 05:00:00,INT_103,69,44.71
2025-02-22 05:00:00,INT_104,57,49.05
2025-02-22 06:00:00,INT_101,99,34.88
2025-02-22 06:00:00,INT_102,75,47.72
2025-02-22 06:00:00,INT_103,97,41.98
2025-02-22 06:00:00,INT_104,87,46.91
2025-02-22 07:00:00,INT_101,162,28.21
2025-02-22 07:00:00,INT_102,153,41.52
2025-02-22 07:00:00,INT_103,146,48.45
2025-02-22 07:00:00,INT_104,132,32.68
2025-02-22 08:00:00,INT_101,154,31.81
2025-02-22 08:00:00,INT_102,157,40.87
2025-02-22 08:00:00,INT_103,151,26.25
2025-02-22 08:00:00,INT_104,141,37.16
2025-02-22 09:00:00,INT_101,164,38.98
2025-02-22 09:00:00,INT_102,153,43.9
2025-02-22 09:00:00,INT_103,152,20.98
2025-02-22 09:00:00,INT_104,125,41.32
2025-02-22 10:00:00,INT_101,108,44.63
2025-02-22 10:00:00,INT_102,96,48.61
2025-02-22 10:00:00,INT_103,94,50.69
2025-02-22 10:00:00,INT_104,59,36.24
2025-02-22 11:00:00,INT_101,92,50.73
2025-02-22 11:00:00,INT_102,91,29.05
2025-02-22 11:00:00,INT_103,81,40.26
2025-02-22 11:00:00,INT_104,58,45.22
2025-02-22 12:00:00,INT_101,133,43.35
2025-02-22 12:00:00,INT_102,107,45.49
2025-02-22 12:00:00,INT_103,115,47.37
2025-02-22 12:00:00,INT_104,98,32.88
2025-02-22 13:00:00,INT_101,121,45.08
2025-02-22 13:00:00,INT_102,106,44.72
2025-02-22 13:00:00,INT_103,120,45.28
2025-02-22 13:00:00,INT_104,85,45.63
2025-02-22 14:00:00,INT_101,92,47.77
2025-02-22 14:00:00,INT_102,64,41.91
2025-02-22 14:00:00,INT_103,83,38.35
2025-02-22 14:00:00,INT_104,83,42.91
2025-02-22 15:00:00,INT_101,104,50.6
2025-02-22 15:00:00,INT_102,76,31.02
2025-02-22 15:00:00,INT_103,86,42.49
2025-02-22 15:00:00,INT_104,78,38.35
2025-02-22 16:00:00,INT_101,94,40.26
2025-02-22 16:00:00,INT_102,99,37.14
2025-02-22 16:00:00,INT_103,78,30.84
2025-02-22 16:00:00,INT_104,61,33.8
2025-02-22 17:00:00,INT_101,178,29.06
2025-02-22 17:00:00,INT_102,172,38.4
2025-02-22 17:00:00,INT_103,162,33.55
2025-02-22 17:00:00,INT_104,163,28.7
2025-02-22 18:00:00,INT_101,194,35.25
2025-02-22 18:00:00,INT_102,158,26.63
2025-02-22 18:00:00,INT_103,169,41.64
2025-02-22 18:00:00,INT_104,170,27.03
2025-02-22 19:00:00,INT_101,202,22.57
2025-02-22 19:00:00,INT_102,180,16.58
2025-02-22 19:00:00,INT_103,188,33.1
2025-02-22 19:00:00,INT_104,168,28.71
2025-02-22 20:00:00,INT_101,95,27.79
2025-02-22 20:00:00,INT_102,69,46.38
2025-02-22 20:00:00,INT_103,89,46.78
2025-02-22 20:00:00,INT_104,77,40.19
2025-02-22 21:00:00,INT_101,105,40.61
2025-02-22 21:00:00,INT_102,86,30.56
2025-02-22 21:00:00,INT_103,72,38.72
2025-02-22 21:00:00,INT_104,56,50.01
2025-02-22 22:00:00,INT_101,112,39.37
2025-02-22 22:00:00,INT_102,59,39.04
2025-02-22 22:00:00,INT_103,83,41.11
2025-02-22 22:00:00,INT_104,75,35.75
2025-02-22 23:00:00,INT_101,92,43.01
2025-02-22 23:00:00,INT_102,84,44.02
2025-02-22 23:00:00,INT_103,84,41.27
2025-02-22 23:00:00,INT_104,63,40.92
2025-02-23 00:00:00,INT_101,86,45.98
2025-02-23 00:00:00,INT_102,83,51.11
2025-02-23 00:00:00,INT_103,76,42.79
2025-02-23 00:00:00,INT_104,75,47.78
2025-02-23 01:00:00,INT_101,100,32.78
2025-02-23 01:00:00,INT_102,69,40.26
2025-02-23 01:00:00,INT_103,84,47.66
2025-02-23 01:00:00,INT_104,61,47.48
2025-02-23 02:00:00,INT_101,109,37.9
2025-02-23 02:00:00,INT_102,79,43.76
2025-02-23 02:00:00,INT_103,98,46.2
2025-02-23 02:00:00,INT_104,64,57.13
2025-02-23 03:00:00,INT_101,93,44.79
2025-02-23 03:00:00,INT_102,88,38.35
2025-02-23 03:00:00,INT_103,92,44.03
2025-02-23 03:00:00,INT_104,75,47.19
2025-02-23 04:00:00,INT_101,94,41.44
2025-02-23 04:00:00,INT_102,70,54.21
2025-02-23 04:00:00,INT_103,77,40.74
2025-02-23 04:00:00,INT_104,62,39.86
2025-02-23 05:00:00,INT_101,107,32.8
2025-02-23 05:00:00,INT_102,83,37.93
2025-02-23 05:00:00,INT_103,59,35.03
2025-02-23 05:00:00,INT_104,72,47.15
2025-02-23 06:00:00,INT_101,94,39.43
2025-02-23 06:00:00,INT_102,87,37.8
2025-02-23 06:00:00,INT_103,71,51.1
2025-02-23 06:00:00,INT_104,70,41.36
2025-02-23 07:00:00,INT_101,160,37.01
2025-02-23 07:00:00,INT_102,150,42.14
2025-02-23 07:00:00,INT_103,153,32.01
2025-02-23 07:00:00,INT_104,146,38.29
2025-02-23 08:00:00,INT_101,165,44.58
2025-02-23 08:00:00,INT_102,143,39.56
2025-02-23 08:00:00,INT_103,147,49.49
2025-02-23 08:00:00,INT_104,123,38.21
2025-02-23 09:00:00,INT_101,143,34.89
2025-02-23 09:00:00,INT_102,143,47.19
2025-02-23 09:00:00,INT_103,146,39.35
2025-02-23 09:00:00,INT_104,121,45.01
2025-02-23 10:00:00,INT_101,112,40.14
2025-02-23 10:00:00,INT_102,81,45.89
2025-02-23 10:00:00,INT_103,74,30.29
2025-02-23 10:00:00,INT_104,69,39.57
2025-02-23 11:00:00,INT_101,95,40.0
2025-02-23 11:00:00,INT_102,76,45.8
2025-02-23 11:00:00,INT_103,72,51.78
2025-02-23 11:00:00,INT_104,84,41.32
2025-02-23 12:00:00,INT_101,149,29.22
2025-02-23 12:00:00,INT_102,118,46.89
2025-02-23 12:00:00,INT_103,112,33.26
2025-02-23 12:00:00,INT_104,93,55.64
2025-02-23 13:00:00,INT_101,128,43.84
2025-02-23 13:00:00,INT_102,112,34.91
2025-02-23 13:00:00,INT_103,115,40.26
2025-02-23 13:00:00,INT_104,114,34.98
2025-02-23 14:00:00,INT_101,112,42.95
2025-02-23 14:00:00,INT_102,73,51.26
2025-02-23 14:00:00,INT_103,93,42.63
2025-02-23 14:00:00,INT_104,90,49.29
2025-02-23 15:00:00,INT_101,119,39.99
2025-02-23 15:00:00,INT_102,74,36.23
2025-02-23 15:00:00,INT_103,86,32.47
2025-02-23 15:00:00,INT_104,68,49.25
2025-02-23 16:00:00,INT_101,97,50.41
2025-02-23 16:00:00,INT_102,75,48.2
2025-02-23 16:00:00,INT_103,71,42.58
2025-02-23 16:00:00,INT_104,67,43.16
2025-02-23 17:00:00,INT_101,191,43.47
2025-02-23 17:00:00,INT_102,172,39.99
2025-02-23 17:00:00,INT_103,178,37.09
2025-02-23 17:00:00,INT_104,157,30.07
2025-02-23 18:00:00,INT_101,205,29.12
2025-02-23 18:00:00,INT_102,163,34.47
2025-02-23 18:00:00,INT_103,161,33.66
2025-02-23 18:00:00,INT_104,156,37.21
2025-02-23 19:00:00,INT_101,197,32.11
2025-02-23 19:00:00,INT_102,168,34.07
2025-02-23 19:00:00,INT_103,167,29.84
2025-02-23 19:00:00,INT_104,179,29.94
2025-02-23 20:00:00,INT_101,98,35.44
2025-02-23 20:00:00,INT_102,76,37.01
2025-02-23 20:00:00,INT_103,78,35.89
2025-02-23 20:00:00,INT_104,68,37.68
2025-02-23 21:00:00,INT_101,95,47.79
2025-02-23 21:00:00,INT_102,86,34.88
2025-02-23 21:00:00,INT_103,80,45.92
2025-02-23 21:00:00,INT_104,64,38.29
2025-02-23 22:00:00,INT_101,105,32.78
2025-02-23 22:00:00,INT_102,85,48.69
2025-02-23 22:00:00,INT_103,88,37.11
2025-02-23 22:00:00,INT_104,80,35.92
2025-02-23 23:00:00,INT_101,90,37.67
2025-02-23 23:00:00,INT_102,77,37.21
2025-02-23 23:00:00,INT_103,88,20.23
2025-02-23 23:00:00,INT_104,65,39.86
2025-02-24 00:00:00,INT_101,98,39.77
2025-02-24 00:00:00,INT_102,86,32.95
2025-02-24 00:00:00,INT_103,82,54.79
2025-02-24 00:00:00,INT_104,69,45.18
2025-02-24 01:00:00,INT_101,88,27.71
2025-02-24 01:00:00,INT_102,92,48.93
2025-02-24 01:00:00,INT_103,79,26.68
2025-02-24 01:00:00,INT_104,81,43.64
2025-02-24 02:00:00,INT_101,106,33.62
2025-02-24 02:00:00,INT_102,69,39.18
2025-02-24 02:00:00,INT_103,91,53.53
2025-02-24 02:00:00,INT_104,73,27.24
2025-02-24 03:00:00,INT_101,100,35.73
2025-02-24 03:00:00,INT_102,71,33.71
2025-02-24 03:00:00,INT_103,71,41.51
2025-02-24 03:00:00,INT_104,63,44.12
2025-02-24 04:00:00,INT_101,93,38.07
2025-02-24 04:00:00,INT_102,69,39.48
2025-02-24 04:00:00,INT_103,76,41.38
2025-02-24 04:00:00,INT_104,66,34.01
2025-02-24 05:00:00,INT_101,119,39.52
2025-02-24 05:00:00,INT_102,77,42.2
2025-02-24 05:00:00,INT_103,72,38.4
2025-02-24 05:00:00,INT_104,62,46.75
2025-02-24 06:00:00,INT_101,102,34.41
2025-02-24 06:00:00,INT_102,97,36.57
2025-02-24 06:00:00,INT_103,76,35.89
2025-02-24 06:00:00,INT_104,61,35.91
2025-02-24 07:00:00,INT_101,177,29.22
2025-02-24 07:00:00,INT_102,166,29.34
2025-02-24 07:00:00,INT_103,153,41.49
2025-02-24 07:00:00,INT_104,142,46.48
2025-02-24 08:00:00,INT_101,170,34.23
2025-02-24 08:00:00,INT_102,164,43.56
2025-02-24 08:00:00,INT_103,159,31.5
2025-02-24 08:00:00,INT_104,140,42.69
2025-02-24 09:00:00,INT_101,171,33.29
2025-02-24 09:00:00,INT_102,138,44.84
2025-02-24 09:00:00,INT_103,134,57.75
2025-02-24 09:00:00,INT_104,151,30.79
2025-02-24 10:00:00,INT_101,94,40.65
2025-02-24 10:00:00,INT_102,90,45.68
2025-02-24 10:00:00,INT_103,85,40.56
2025-02-24 10:00:00,INT_104,71,37.79
2025-02-24 11:00:00,INT_101,98,43.84
2025-02-24 11:00:00,INT_102,74,44.75
2025-02-24 11:00:00,INT_103,66,48.58
2025-02-24 11:00:00,INT_104,77,48.08
2025-02-24 12:00:00,INT_101,127,42.18
2025-02-24 12:00:00,INT_102,104,35.3
2025-02-24 12:00:00,INT_103,113,36.17
2025-02-24 12:00:00,INT_104,102,46.23
2025-02-24 13:00:00,INT_101,122,50.23
2025-02-24 13:00:00,INT_102,111,42.33
2025-02-24 13:00:00,INT_103,113,48.02
2025-02-24 13:00:00,INT_104,110,42.18
2025-02-24 14:00:00,INT_101,112,43.68
2025-02-24 14:00:00,INT_102,60,43.7
2025-02-24 14:00:00,INT_103,70,38.77
2025-02-24 14:00:00,INT_104,64,45.06
2025-02-24 15:00:00,INT_101,77,32.38
2025-02-24 15:00:00,INT_102,80,41.39
2025-02-24 15:00:00,INT_103,83,44.73
2025-02-24 15:00:00,INT_104,76,46.19
2025-02-24 16:00:00,INT_101,84,46.3
2025-02-24 16:00:00,INT_102,85,46.7
2025-02-24 16:00:00,INT_103,89,34.5
2025-02-24 16:00:00,INT_104,74,44.49
2025-02-24 17:00:00,INT_101,184,51.6
2025-02-24 17:00:00,INT_102,192,35.08
2025-02-24 17:00:00,INT_103,183,18.24
2025-02-24 17:00:00,INT_104,168,28.12
2025-02-24 18:00:00,INT_101,196,27.74
2025-02-24 18:00:00,INT_102,165,38.19
2025-02-24 18:00:00,INT_103,166,36.84
2025-02-24 18:00:00,INT_104,161,30.31
2025-02-24 19:00:00,INT_101,191,30.48
2025-02-24 19:00:00,INT_102,155,37.39
2025-02-24 19:00:00,INT_103,183,34.74
2025-02-24 19:00:00,INT_104,170,39.65
2025-02-24 20:00:00,INT_101,103,49.01
2025-02-24 20:00:00,INT_102,89,41.45
2025-02-24 20:00:00,INT_103,89,41.99
2025-02-24 20:00:00,INT_104,47,36.09
2025-02-24 21:00:00,INT_101,77,40.49
2025-02-24 21:00:00,INT_102,76,36.27
2025-02-24 21:00:00,INT_103,87,46.08
2025-02-24 21:00:00,INT_104,72,38.36
2025-02-24 22:00:00,INT_101,105,47.79
2025-02-24 22:00:00,INT_102,84,49.19
2025-02-24 22:00:00,INT_103,69,42.5
2025-02-24 22:00:00,INT_104,65,51.18
2025-02-24 23:00:00,INT_101,103,42.07
2025-02-24 23:00:00,INT_102,74,38.63
2025-02-24 23:00:00,INT_103,84,35.88
2025-02-24 23:00:00,INT_104,61,36.59
2025-02-25 00:00:00,INT_101,97,36.46
2025-02-25 00:00:00,INT_102,78,42.33
2025-02-25 00:00:00,INT_103,79,36.14
2025-02-25 00:00:00,INT_104,68,36.74
2025-02-25 01:00:00,INT_101,129,50.2
2025-02-25 01:00:00,INT_102,82,47.45
2025-02-25 01:00:00,INT_103,72,42.41
2025-02-25 01:00:00,INT_104,77,41.51
2025-02-25 02:00:00,INT_101,99,42.53
2025-02-25 02:00:00,INT_102,72,39.83
2025-02-25 02:00:00,INT_103,84,45.16
2025-02-25 02:00:00,INT_104,72,31.23
2025-02-25 03:00:00,INT_101,107,38.63
2025-02-25 03:00:00,INT_102,88,56.17
2025-02-25 03:00:00,INT_103,81,38.43
2025-02-25 03:00:00,INT_104,73,44.33
2025-02-25 04:00:00,INT_101,98,32.34
2025-02-25 04:00:00,INT_102,76,51.22
2025-02-25 04:00:00,INT_103,78,55.75
2025-02-25 04:00:00,INT_104,67,39.88
2025-02-25 05:00:00,INT_101,101,37.82
2025-02-25 05:00:00,INT_102,94,37.11
2025-02-25 05:00:00,INT_103,88,53.81
2025-02-25 05:00:00,INT_104,73,46.3
2025-02-25 06:00:00,INT_101,94,36.43
2025-02-25 06:00:00,INT_102,82,34.94
2025-02-25 06:00:00,INT_103,74,40.1
2025-02-25 06:00:00,INT_104,76,42.03
2025-02-25 07:00:00,INT_101,179,27.37
2025-02-25 07:00:00,INT_102,139,40.83
2025-02-25 07:00:00,INT_103,149,41.2
2025-02-25 07:00:00,INT_104,152,37.81
2025-02-25 08:00:00,INT_101,159,36.4
2025-02-25 08:00:00,INT_102,133,36.58
2025-02-25 08:00:00,INT_103,156,27.94
2025-02-25 08:00:00,INT_104,147,41.9
2025-02-25 09:00:00,INT_101,169,38.01
2025-02-25 09:00:00,INT_102,148,46.32
2025-02-25 09:00:00,INT_103,147,45.5
2025-02-25 09:00:00,INT_104,143,49.52
2025-02-25 10:00:00,INT_101,100,38.2
2025-02-25 10:00:00,INT_102,87,35.45
2025-02-25 10:00:00,INT_103,89,37.49
2025-02-25 10:00:00,INT_104,79,43.93
2025-02-25 11:00:00,INT_101,115,51.51
2025-02-25 11:00:00,INT_102,70,40.28
2025-02-25 11:00:00,INT_103,84,43.73
2025-02-25 11:00:00,INT_104,72,48.92
2025-02-25 12:00:00,INT_101,142,34.75
2025-02-25 12:00:00,INT_102,99,41.11
2025-02-25 12:00:00,INT_103,109,41.82
2025-02-25 12:00:00,INT_104,98,50.91
2025-02-25 13:00:00,INT_101,131,46.54
2025-02-25 13:00:00,INT_102,123,36.29
2025-02-25 13:00:00,INT_103,96,42.41
2025-02-25 13:00:00,INT_104,106,46.98
2025-02-25 14:00:00,INT_101,104,38.17
2025-02-25 14:00:00,INT_102,86,37.84
2025-02-25 14:00:00,INT_103,80,37.8
2025-02-25 14:00:00,INT_104,68,49.76
2025-02-25 15:00:00,INT_101,96,45.64
2025-02-25 15:00:00,INT_102,79,54.33
2025-02-25 15:00:00,INT_103,80,37.98
2025-02-25 15:00:00,INT_104,60,38.64
2025-02-25 16:00:00,INT_101,84,35.78
2025-02-25 16:00:00,INT_102,64,40.41
2025-02-25 16:00:00,INT_103,81,40.02
2025-02-25 16:00:00,INT_104,82,48.07
2025-02-25 17:00:00,INT_101,213,19.16
2025-02-25 17:00:00,INT_102,161,34.19
2025-02-25 17:00:00,INT_103,169,26.84
2025-02-25 17:00:00,INT_104,149,25.44
2025-02-25 18:00:00,INT_101,189,36.75
2025-02-25 18:00:00,INT_102,159,28.24
2025-02-25 18:00:00,INT_103,171,50.62
2025-02-25 18:00:00,INT_104,160,40.67
2025-02-25 19:00:00,INT_101,181,40.76
2025-02-25 19:00:00,INT_102,172,29.87
2025-02-25 19:00:00,INT_103,160,29.7
2025-02-25 19:00:00,INT_104,180,35.08
2025-02-25 20:00:00,INT_101,92,38.34
2025-02-25 20:00:00,INT_102,81,49.57
2025-02-25 20:00:00,INT_103,72,39.87
2025-02-25 20:00:00,INT_104,60,46.69
2025-02-25 21:00:00,INT_101,90,41.85
2025-02-25 21:00:00,INT_102,69,48.18
2025-02-25 21:00:00,INT_103,74,41.52
2025-02-25 21:00:00,INT_104,62,46.47
2025-02-25 22:00:00,INT_101,106,39.16
2025-02-25 22:00:00,INT_102,71,26.74
2025-02-25 22:00:00,INT_103,78,42.25
2025-02-25 22:00:00,INT_104,50,47.42
2025-02-25 23:00:00,INT_101,99,41.6
2025-02-25 23:00:00,INT_102,77,37.27
2025-02-25 23:00:00,INT_103,65,21.02
2025-02-25 23:00:00,INT_104,76,37.27
2025-02-26 00:00:00,INT_101,94,54.86
2025-02-26 00:00:00,INT_102,95,38.35
2025-02-26 00:00:00,INT_103,81,46.59
2025-02-26 00:00:00,INT_104,83,50.95
2025-02-26 01:00:00,INT_101,96,40.98
2025-02-26 01:00:00,INT_102,74,45.66
2025-02-26 01:00:00,INT_103,88,34.85
2025-02-26 01:00:00,INT_104,70,39.41
2025-02-26 02:00:00,INT_101,82,46.62
2025-02-26 02:00:00,INT_102,85,43.4
2025-02-26 02:00:00,INT_103,78,43.15
2025-02-26 02:00:00,INT_104,83,40.59
2025-02-26 03:00:00,INT_101,98,44.69
2025-02-26 03:00:00,INT_102,55,36.28
2025-02-26 03:00:00,INT_103,85,43.4
2025-02-26 03:00:00,INT_104,59,40.78
2025-02-26 04:00:00,INT_101,105,44.27
2025-02-26 04:00:00,INT_102,89,37.81
2025-02-26 04:00:00,INT_103,106,40.25
2025-02-26 04:00:00,INT_104,70,45.6
2025-02-26 05:00:00,INT_101,93,52.71
2025-02-26 05:00:00,INT_102,73,39.24
2025-02-26 05:00:00,INT_103,81,38.61
2025-02-26 05:00:00,INT_104,55,42.89
2025-02-26 06:00:00,INT_101,110,53.18
2025-02-26 06:00:00,INT_102,71,43.29
2025-02-26 06:00:00,INT_103,76,51.82
2025-02-26 06:00:00,INT_104,89,33.37
2025-02-26 07:00:00,INT_101,159,30.13
2025-02-26 07:00:00,INT_102,150,41.52
2025-02-26 07:00:00,INT_103,151,30.01
2025-02-26 07:00:00,INT_104,129,41.51
2025-02-26 08:00:00,INT_101,181,26.32
2025-02-26 08:00:00,INT_102,141,44.12
2025-02-26 08:00:00,INT_103,143,37.37
2025-02-26 08:00:00,INT_104,143,35.99
2025-02-26 09:00:00,INT_101,183,30.97
2025-02-26 09:00:00,INT_102,155,41.69
2025-02-26 09:00:00,INT_103,147,52.79
2025-02-26 09:00:00,INT_104,148,42.72
2025-02-26 10:00:00,INT_101,90,35.72
2025-02-26 10:00:00,INT_102,79,35.48
2025-02-26 10:00:00,INT_103,67,34.57
2025-02-26 10:00:00,INT_104,66,34.64
2025-02-26 11:00:00,INT_101,92,43.49
2025-02-26 11:00:00,INT_102,72,36.08
2025-02-26 11:00:00,INT_103,73,34.05
2025-02-26 11:00:00,INT_104,79,39.01
2025-02-26 12:00:00,INT_101,140,46.87
2025-02-26 12:00:00,INT_102,116,41.91
2025-02-26 12:00:00,INT_103,118,36.68
2025-02-26 12:00:00,INT_104,98,46.13
2025-02-26 13:00:00,INT_101,123,37.84
2025-02-26 13:00:00,INT_102,107,33.41
2025-02-26 13:00:00,INT_103,107,44.83
2025-02-26 13:00:00,INT_104,107,39.29
2025-02-26 14:00:00,INT_101,104,41.03
2025-02-26 14:00:00,INT_102,75,45.84
2025-02-26 14:00:00,INT_103,73,37.77
2025-02-26 14:00:00,INT_104,72,43.85
2025-02-26 15:00:00,INT_101,96,44.73
2025-02-26 15:00:00,INT_102,67,47.49
2025-02-26 15:00:00,INT_103,91,36.53
2025-02-26 15:00:00,INT_104,86,36.02
2025-02-26 16:00:00,INT_101,104,43.22
2025-02-26 16:00:00,INT_102,87,53.18
2025-02-26 16:00:00,INT_103,82,32.71
2025-02-26 16:00:00,INT_104,77,37.54
2025-02-26 17:00:00,INT_101,189,24.72
2025-02-26 17:00:00,INT_102,160,33.68
2025-02-26 17:00:00,INT_103,173,26.2
2025-02-26 17:00:00,INT_104,162,29.76
2025-02-26 18:00:00,INT_101,197,41.58
2025-02-26 18:00:00,INT_102,180,28.25
2025-02-26 18:00:00,INT_103,170,31.89
2025-02-26 18:00:00,INT_104,180,31.29
2025-02-26 19:00:00,INT_101,185,32.84
2025-02-26 19:00:00,INT_102,184,23.04
2025-02-26 19:00:00,INT_103,178,32.54
2025-02-26 19:00:00,INT_104,153,29.76
2025-02-26 20:00:00,INT_101,105,38.27
2025-02-26 20:00:00,INT_102,85,50.56
2025-02-26 20:00:00,INT_103,78,50.95
2025-02-26 20:00:00,INT_104,80,48.35
2025-02-26 21:00:00,INT_101,78,30.1
2025-02-26 21:00:00,INT_102,70,48.17
2025-02-26 21:00:00,INT_103,76,27.61
2025-02-26 21:00:00,INT_104,63,40.5
2025-02-26 22:00:00,INT_101,102,36.97
2025-02-26 22:00:00,INT_102,92,46.38
2025-02-26 22:00:00,INT_103,75,37.47
2025-02-26 22:00:00,INT_104,69,35.2
2025-02-26 23:00:00,INT_101,110,45.55
2025-02-26 23:00:00,INT_102,71,38.05
2025-02-26 23:00:00,INT_103,96,36.44
2025-02-26 23:00:00,INT_104,74,48.41
2025-02-27 00:00:00,INT_101,101,44.79
2025-02-27 00:00:00,INT_102,83,40.68
2025-02-27 00:00:00,INT_103,80,29.3
2025-02-27 00:00:00,INT_104,65,36.0
2025-02-27 01:00:00,INT_101,99,43.6
2025-02-27 01:00:00,INT_102,77,32.13
2025-02-27 01:00:00,INT_103,85,46.11
2025-02-27 01:00:00,INT_104,67,49.24
2025-02-27 02:00:00,INT_101,95,44.83
2025-02-27 02:00:00,INT_102,75,47.63
2025-02-27 02:00:00,INT_103,78,27.72
2025-02-27 02:00:00,INT_104,51,43.74
2025-02-27 03:00:00,INT_101,93,37.76
2025-02-27 03:00:00,INT_102,73,53.41
2025-02-27 03:00:00,INT_103,88,36.15
2025-02-27 03:00:00,INT_104,66,39.99
2025-02-27 04:00:00,INT_101,73,42.12
2025-02-27 04:00:00,INT_102,83,48.01
2025-02-27 04:00:00,INT_103,88,42.76
2025-02-27 04:00:00,INT_104,72,53.41
2025-02-27 05:00:00,INT_101,103,42.44
2025-02-27 05:00:00,INT_102,94,35.22
2025-02-27 05:00:00,INT_103,86,38.53
2025-02-27 05:00:00,INT_104,72,37.24
2025-02-27 06:00:00,INT_101,109,41.68
2025-02-27 06:00:00,INT_102,89,38.51
2025-02-27 06:00:00,INT_103,66,41.62
2025-02-27 06:00:00,INT_104,70,31.1
2025-02-27 07:00:00,INT_101,176,47.05
2025-02-27 07:00:00,INT_102,143,40.06
2025-02-27 07:00:00,INT_103,148,48.14
2025-02-27 07:00:00,INT_104,152,35.6
2025-02-27 08:00:00,INT_101,184,38.66
2025-02-27 08:00:00,INT_102,141,47.44
2025-02-27 08:00:00,INT_103,156,34.69
2025-02-27 08:00:00,INT_104,141,44.59
2025-02-27 09:00:00,INT_101,172,22.64
2025-02-27 09:00:00,INT_102,145,51.55
2025-02-27 09:00:00,INT_103,148,47.73
2025-02-27 09:00:00,INT_104,126,40.94
2025-02-27 10:00:00,INT_101,104,36.26
2025-02-27 10:00:00,INT_102,80,40.01
2025-02-27 10:00:00,INT_103,88,32.46
2025-02-27 10:00:00,INT_104,70,41.87
2025-02-27 11:00:00,INT_101,102,34.06
2025-02-27 11:00:00,INT_102,69,41.42
2025-02-27 11:00:00,INT_103,74,43.39
2025-02-27 11:00:00,INT_104,75,37.47
2025-02-27 12:00:00,INT_101,132,43.87
2025-02-27 12:00:00,INT_102,110,40.0
2025-02-27 12:00:00,INT_103,117,39.11
2025-02-27 12:00:00,INT_104,107,34.5
2025-02-27 13:00:00,INT_101,136,41.18
2025-02-27 13:00:00,INT_102,114,40.72
2025-02-27 13:00:00,INT_103,111,37.94
2025-02-27 13:00:00,INT_104,91,42.67
2025-02-27 14:00:00,INT_101,105,44.52
2025-02-27 14:00:00,INT_102,63,32.19
2025-02-27 14:00:00,INT_103,97,35.72
2025-02-27 14:00:00,INT_104,71,34.59
2025-02-27 15:00:00,INT_101,102,35.98
2025-02-27 15:00:00,INT_102,69,32.17
2025-02-27 15:00:00,INT_103,99,43.33
2025-02-27 15:00:00,INT_104,69,39.82
2025-02-27 16:00:00,INT_101,105,41.83
2025-02-27 16:00:00,INT_102,66,51.52
2025-02-27 16:00:00,INT_103,96,45.99
2025-02-27 16:00:00,INT_104,61,29.58
2025-02-27 17:00:00,INT_101,198,34.6
2025-02-27 17:00:00,INT_102,162,40.38
2025-02-27 17:00:00,INT_103,177,35.63
2025-02-27 17:00:00,INT_104,173,30.52
2025-02-27 18:00:00,INT_101,193,27.89
2025-02-27 18:00:00,INT_102,175,33.7
2025-02-27 18:00:00,INT_103,186,31.55
2025-02-27 18:00:00,INT_104,154,30.4
2025-02-27 19:00:00,INT_101,178,27.57
2025-02-27 19:00:00,INT_102,163,30.54
2025-02-27 19:00:00,INT_103,171,32.89
2025-02-27 19:00:00,INT_104,169,35.47
2025-02-27 20:00:00,INT_101,94,44.85
2025-02-27 20:00:00,INT_102,76,34.95
2025-02-27 20:00:00,INT_103,100,46.53
2025-02-27 20:00:00,INT_104,66,39.47
2025-02-27 21:00:00,INT_101,124,42.07
2025-02-27 21:00:00,INT_102,86,32.4
2025-02-27 21:00:00,INT_103,90,38.2
2025-02-27 21:00:00,INT_104,74,36.51
2025-02-27 22:00:00,INT_101,89,38.79
2025-02-27 22:00:00,INT_102,85,43.54
2025-02-27 22:00:00,INT_103,76,40.69
2025-02-27 22:00:00,INT_104,62,46.83
2025-02-27 23:00:00,INT_101,98,52.11
2025-02-27 23:00:00,INT_102,84,44.26
2025-02-27 23:00:00,INT_103,70,39.55
2025-02-27 23:00:00,INT_104,63,32.98
2025-02-28 00:00:00,INT_101,96,52.01
2025-02-28 00:00:00,INT_102,82,39.51
2025-02-28 00:00:00,INT_103,104,37.26
2025-02-28 00:00:00,INT_104,81,43.75
2025-02-28 01:00:00,INT_101,88,48.91
2025-02-28 01:00:00,INT_102,71,40.95
2025-02-28 01:00:00,INT_103,86,38.36
2025-02-28 01:00:00,INT_104,76,35.12
2025-02-28 02:00:00,INT_101,108,49.29
2025-02-28 02:00:00,INT_102,88,47.99
2025-02-28 02:00:00,INT_103,94,44.45
2025-02-28 02:00:00,INT_104,83,43.7
2025-02-28 03:00:00,INT_101,108,34.47
2025-02-28 03:00:00,INT_102,82,37.62
2025-02-28 03:00:00,INT_103,80,38.22
2025-02-28 03:00:00,INT_104,71,45.13
2025-02-28 04:00:00,INT_101,116,23.43
2025-02-28 04:00:00,INT_102,76,38.27
2025-02-28 04:00:00,INT_103,78,45.82
2025-02-28 04:00:00,INT_104,74,38.6
2025-02-28 05:00:00,INT_101,100,45.47
2025-02-28 05:00:00,INT_102,73,40.4
2025-02-28 05:00:00,INT_103,83,45.65
2025-02-28 05:00:00,INT_104,67,52.62
2025-02-28 06:00:00,INT_101,94,40.24
2025-02-28 06:00:00,INT_102,80,38.59
2025-02-28 06:00:00,INT_103,81,34.61
2025-02-28 06:00:00,INT_104,82,50.05
2025-02-28 07:00:00,INT_101,172,42.21
2025-02-28 07:00:00,INT_102,163,21.07
2025-02-28 07:00:00,INT_103,144,42.29
2025-02-28 07:00:00,INT_104,126,40.48
2025-02-28 08:00:00,INT_101,172,34.94
2025-02-28 08:00:00,INT_102,148,44.38
2025-02-28 08:00:00,INT_103,128,41.26
2025-02-28 08:00:00,INT_104,150,38.24
2025-02-28 09:00:00,INT_101,161,38.35
2025-02-28 09:00:00,INT_102,137,40.96
2025-02-28 09:00:00,INT_103,141,35.15
2025-02-28 09:00:00,INT_104,153,20.95
2025-02-28 10:00:00,INT_101,105,33.05
2025-02-28 10:00:00,INT_102,77,38.52
2025-02-28 10:00:00,INT_103,77,44.26
2025-02-28 10:00:00,INT_104,79,31.1
2025-02-28 11:00:00,INT_101,94,49.19
2025-02-28 11:00:00,INT_102,80,34.29
2025-02-28 11:00:00,INT_103,75,48.54
2025-02-28 11:00:00,INT_104,79,32.2
2025-02-28 12:00:00,INT_101,123,36.63
2025-02-28 12:00:00,INT_102,107,48.13
2025-02-28 12:00:00,INT_103,112,35.9
2025-02-28 12:00:00,INT_104,91,38.59
2025-02-28 13:00:00,INT_101,133,42.04
2025-02-28 13:00:00,INT_102,129,34.56
2025-02-28 13:00:00,INT_103,105,28.35
2025-02-28 13:00:00,INT_104,110,43.57
2025-02-28 14:00:00,INT_101,98,54.83
2025-02-28 14:00:00,INT_102,78,43.13
2025-02-28 14:00:00,INT_103,79,37.37
2025-02-28 14:00:00,INT_104,64,57.3
2025-02-28 15:00:00,INT_101,97,49.41
2025-02-28 15:00:00,INT_102,91,38.14
2025-02-28 15:00:00,INT_103,80,48.85
2025-02-28 15:00:00,INT_104,66,41.98
2025-02-28 16:00:00,INT_101,114,49.39
2025-02-28 16:00:00,INT_102,73,45.7
2025-02-28 16:00:00,INT_103,82,36.26
2025-02-28 16:00:00,INT_104,83,38.46
2025-02-28 17:00:00,INT_101,192,20.59
2025-02-28 17:00:00,INT_102,172,40.51
2025-02-28 17:00:00,INT_103,175,40.95
2025-02-28 17:00:00,INT_104,163,38.04
2025-02-28 18:00:00,INT_101,207,16.63
2025-02-28 18:00:00,INT_102,170,31.74
2025-02-28 18:00:00,INT_103,148,36.75
2025-02-28 18:00:00,INT_104,151,37.77
2025-02-28 19:00:00,INT_101,193,40.76
2025-02-28 19:00:00,INT_102,169,28.63
2025-02-28 19:00:00,INT_103,170,32.47
2025-02-28 19:00:00,INT_104,153,23.98
2025-02-28 20:00:00,INT_101,91,31.38
2025-02-28 20:00:00,INT_102,68,41.17
2025-02-28 20:00:00,INT_103,88,43.83
2025-02-28 20:00:00,INT_104,80,44.53
2025-02-28 21:00:00,INT_101,96,40.97
2025-02-28 21:00:00,INT_102,74,46.76
2025-02-28 21:00:00,INT_103,86,35.7
2025-02-28 21:00:00,INT_104,68,37.33
2025-02-28 22:00:00,INT_101,100,42.18
2025-02-28 22:00:00,INT_102,78,33.63
2025-02-28 22:00:00,INT_103,70,36.65
2025-02-28 22:00:00,INT_104,65,48.46
2025-02-28 23:00:00,INT_101,85,41.51
2025-02-28 23:00:00,INT_102,76,41.78
2025-02-28 23:00:00,INT_103,65,41.47
2025-02-28 23:00:00,INT_104,76,49.84
2025-03-01 00:00:00,INT_101,123,36.15
2025-03-01 00:00:00,INT_102,63,43.13
2025-03-01 00:00:00,INT_103,91,41.99
2025-03-01 00:00:00,INT_104,62,30.46
2025-03-01 01:00:00,INT_101,107,44.99
2025-03-01 01:00:00,INT_102,66,39.23
2025-03-01 01:00:00,INT_103,75,46.93
2025-03-01 01:00:00,INT_104,74,38.08
2025-03-01 02:00:00,INT_101,95,41.14
2025-03-01 02:00:00,INT_102,67,46.8
2025-03-01 02:00:00,INT_103,85,38.29
2025-03-01 02:00:00,INT_104,78,33.48
2025-03-01 03:00:00,INT_101,96,43.06
2025-03-01 03:00:00,INT_102,82,41.2
2025-03-01 03:00:00,INT_103,92,49.45
2025-03-01 03:00:00,INT_104,58,31.42
2025-03-01 04:00:00,INT_101,114,40.55
2025-03-01 04:00:00,INT_102,74,40.31
2025-03-01 04:00:00,INT_103,94,47.78
2025-03-01 04:00:00,INT_104,74,43.34
2025-03-01 05:00:00,INT_101,113,38.31
2025-03-01 05:00:00,INT_102,76,44.94
2025-03-01 05:00:00,INT_103,88,39.93
2025-03-01 05:00:00,INT_104,54,39.93
2025-03-01 06:00:00,INT_101,104,41.98
2025-03-01 06:00:00,INT_102,72,51.69
2025-03-01 06:00:00,INT_103,89,42.8
2025-03-01 06:00:00,INT_104,67,47.56
2025-03-01 07:00:00,INT_101,161,40.48
2025-03-01 07:00:00,INT_102,153,45.74
2025-03-01 07:00:00,INT_103,147,43.09
2025-03-01 07:00:00,INT_104,143,35.68
2025-03-01 08:00:00,INT_101,168,37.78
2025-03-01 08:00:00,INT_102,145,46.79
2025-03-01 08:00:00,INT_103,161,40.6
2025-03-01 08:00:00,INT_104,143,31.52
2025-03-01 09:00:00,INT_101,167,30.99
2025-03-01 09:00:00,INT_102,164,26.71
2025-03-01 09:00:00,INT_103,148,45.93
2025-03-01 09:00:00,INT_104,135,44.06
2025-03-01 10:00:00,INT_101,113,43.63
2025-03-01 10:00:00,INT_102,75,39.22
2025-03-01 10:00:00,INT_103,77,37.11
2025-03-01 10:00:00,INT_104,65,43.98
2025-03-01 11:00:00,INT_101,109,33.67
2025-03-01 11:00:00,INT_102,69,43.0
2025-03-01 11:00:00,INT_103,90,33.57
2025-03-01 11:00:00,INT_104,80,35.58
2025-03-01 12:00:00,INT_101,130,36.85
2025-03-01 12:00:00,INT_102,106,52.94
2025-03-01 12:00:00,INT_103,104,37.39
2025-03-01 12:00:00,INT_104,90,39.22
2025-03-01 13:00:00,INT_101,113,41.5
2025-03-01 13:00:00,INT_102,117,43.58
2025-03-01 13:00:00,INT_103,105,46.92
2025-03-01 13:00:00,INT_104,89,27.53
2025-03-01 14:00:00,INT_101,107,52.78
2025-03-01 14:00:00,INT_102,91,34.13
2025-03-01 14:00:00,INT_103,74,38.33
2025-03-01 14:00:00,INT_104,62,46.94
2025-03-01 15:00:00,INT_101,111,30.31
2025-03-01 15:00:00,INT_102,92,49.49
2025-03-01 15:00:00,INT_103,69,40.81
2025-03-01 15:00:00,INT_104,72,47.51
2025-03-01 16:00:00,INT_101,99,33.95
2025-03-01 16:00:00,INT_102,63,39.44
2025-03-01 16:00:00,INT_103,74,37.55
2025-03-01 16:00:00,INT_104,76,38.84
2025-03-01 17:00:00,INT_101,189,33.17
2025-03-01 17:00:00,INT_102,171,33.2
2025-03-01 17:00:00,INT_103,158,43.84
2025-03-01 17:00:00,INT_104,159,38.72
2025-03-01 18:00:00,INT_101,192,31.86
2025-03-01 18:00:00,INT_102,178,32.13
2025-03-01 18:00:00,INT_103,172,34.19
2025-03-01 18:00:00,INT_104,162,37.35
2025-03-01 19:00:00,INT_101,195,40.37
2025-03-01 19:00:00,INT_102,169,23.73
2025-03-01 19:00:00,INT_103,181,32.27
2025-03-01 19:00:00,INT_104,171,46.27
2025-03-01 20:00:00,INT_101,96,45.69
2025-03-01 20:00:00,INT_102,79,43.5
2025-03-01 20:00:00,INT_103,85,26.71
2025-03-01 20:00:00,INT_104,56,39.29
2025-03-01 21:00:00,INT_101,110,47.54
2025-03-01 21:00:00,INT_102,72,40.02
2025-03-01 21:00:00,INT_103,109,42.73
2025-03-01 21:00:00,INT_104,71,35.72
2025-03-01 22:00:00,INT_101,94,37.16
2025-03-01 22:00:00,INT_102,82,35.59
2025-03-01 22:00:00,INT_103,83,42.57
2025-03-01 22:00:00,INT_104,82,46.99
2025-03-01 23:00:00,INT_101,99,42.71
2025-03-01 23:00:00,INT_102,80,39.08
2025-03-01 23:00:00,INT_103,74,50.65
2025-03-01 23:00:00,INT_104,78,43.16
2025-03-02 00:00:00,INT_101,97,35.95
2025-03-02 00:00:00,INT_102,75,37.61
2025-03-02 00:00:00,INT_103,94,33.9
2025-03-02 00:00:00,INT_104,64,37.66
2025-03-02 01:00:00,INT_101,101,33.96
2025-03-02 01:00:00,INT_102,81,43.36
2025-03-02 01:00:00,INT_103,77,50.52
2025-03-02 01:00:00,INT_104,62,32.74
2025-03-02 02:00:00,INT_101,117,47.36
2025-03-02 02:00:00,INT_102,81,43.54
2025-03-02 02:00:00,INT_103,81,36.26
2025-03-02 02:00:00,INT_104,65,48.76
2025-03-02 03:00:00,INT_101,105,31.76
2025-03-02 03:00:00,INT_102,82,30.9
2025-03-02 03:00:00,INT_103,72,37.59
2025-03-02 03:00:00,INT_104,67,48.15
2025-03-02 04:00:00,INT_101,99,54.77
2025-03-02 04:00:00,INT_102,82,44.93
2025-03-02 04:00:00,INT_103,73,40.57
2025-03-02 04:00:00,INT_104,67,39.95
2025-03-02 05:00:00,INT_101,100,42.94
2025-03-02 05:00:00,INT_102,84,44.02
2025-03-02 05:00:00,INT_103,81,45.34
2025-03-02 05:00:00,INT_104,69,37.27
2025-03-02 06:00:00,INT_101,103,50.38
2025-03-02 06:00:00,INT_102,76,43.26
2025-03-02 06:00:00,INT_103,80,44.6
2025-03-02 06:00:00,INT_104,80,34.6
2025-03-02 07:00:00,INT_101,167,27.38
2025-03-02 07:00:00,INT_102,146,50.38
2025-03-02 07:00:00,INT_103,164,25.87
2025-03-02 07:00:00,INT_104,123,46.65
2025-03-02 08:00:00,INT_101,174,22.47
2025-03-02 08:00:00,INT_102,152,40.06
2025-03-02 08:00:00,INT_103,140,46.88
2025-03-02 08:00:00,INT_104,146,28.34
2025-03-02 09:00:00,INT_101,186,42.31
2025-03-02 09:00:00,INT_102,158,25.4
2025-03-02 09:00:00,INT_103,157,35.68
2025-03-02 09:00:00,INT_104,142,42.37
2025-03-02 10:00:00,INT_101,98,37.26
2025-03-02 10:00:00,INT_102,76,36.09
2025-03-02 10:00:00,INT_103,64,38.97
2025-03-02 10:00:00,INT_104,78,33.88
2025-03-02 11:00:00,INT_101,104,38.69
2025-03-02 11:00:00,INT_102,61,50.46
2025-03-02 11:00:00,INT_103,79,33.12
2025-03-02 11:00:00,INT_104,62,38.56
2025-03-02 12:00:00,INT_101,136,41.87
2025-03-02 12:00:00,INT_102,104,44.45
2025-03-02 12:00:00,INT_103,105,40.09
2025-03-02 12:00:00,INT_104,113,42.23
2025-03-02 13:00:00,INT_101,110,48.83
2025-03-02 13:00:00,INT_102,108,38.8
2025-03-02 13:00:00,INT_103,107,35.89
2025-03-02 13:00:00,INT_104,102,31.64
2025-03-02 14:00:00,INT_101,105,36.94
2025-03-02 14:00:00,INT_102,74,42.18
2025-03-02 14:00:00,INT_103,97,39.46
2025-03-02 14:00:00,INT_104,61,46.87
2025-03-02 15:00:00,INT_101,102,33.74
2025-03-02 15:00:00,INT_102,86,41.54
2025-03-02 15:00:00,INT_103,89,43.98
2025-03-02 15:00:00,INT_104,72,46.52
2025-03-02 16:00:00,INT_101,102,44.83
2025-03-02 16:00:00,INT_102,62,42.39
2025-03-02 16:00:00,INT_103,73,44.92
2025-03-02 16:00:00,INT_104,70,39.5
2025-03-02 17:00:00,INT_101,192,34.66
2025-03-02 17:00:00,INT_102,170,36.47
2025-03-02 17:00:00,INT_103,158,38.98
2025-03-02 17:00:00,INT_104,159,35.46
2025-03-02 18:00:00,INT_101,186,38.92
2025-03-02 18:00:00,INT_102,168,39.43
2025-03-02 18:00:00,INT_103,179,32.16
2025-03-02 18:00:00,INT_104,166,29.24
2025-03-02 19:00:00,INT_101,189,29.21
2025-03-02 19:00:00,INT_102,163,36.07
2025-03-02 19:00:00,INT_103,173,22.42
2025-03-02 19:00:00,INT_104,162,24.92
2025-03-02 20:00:00,INT_101,106,30.47
2025-03-02 20:00:00,INT_102,79,51.06
2025-03-02 20:00:00,INT_103,81,54.21
2025-03-02 20:00:00,INT_104,60,43.49
2025-03-02 21:00:00,INT_101,106,40.55
2025-03-02 21:00:00,INT_102,78,42.18
2025-03-02 21:00:00,INT_103,84,48.21
2025-03-02 21:00:00,INT_104,90,42.5
2025-03-02 22:00:00,INT_101,88,44.57
2025-03-02 22:00:00,INT_102,86,39.89
2025-03-02 22:00:00,INT_103,72,44.05
2025-03-02 22:00:00,INT_104,73,43.6
2025-03-02 23:00:00,INT_101,106,43.65
2025-03-02 23:00:00,INT_102,104,42.75
2025-03-02 23:00:00,INT_103,81,38.63
2025-03-02 23:00:00,INT_104,62,45.86
>>>>>>> 547c804131c60b4e4850de3a8b8e22227443dcb0
